-741.6 -10018.7 -9.0 42 0 229.8 76.2 12.5 0.0 0 0 5 1 1
-1861.9 -11275.4 -13.2 92 0 42.3 13.4 10.0 2.5 2 0 4 3 3
-2201.7 -11314.0 -13.4 258 0 317.7 73.9 7.5 0.0 0 0 3 3 3
-2202.4 -11402.3 -13.6 258 0 204.8 32.8 7.5 0.0 0 0 3 0 0
-3328.9 -10743.4 -13.5 157 0 54.6 60.8 10.0 0.0 0 1 4 1 1
-3326.3 -10667.0 -13.7 247 0 73.2 31.8 7.5 0.0 0 0 3 3 3
-4642.4 -11125.1 -17.7 140 0 76.4 24.6 10.0 0.0 0 0 4 5 5
-4078.5 -11244.7 -16.0 74 0 27.8 42.1 5.0 0.0 0 1 2 4 4
-4663.1 -11116.7 -17.7 323 0 29.1 13.7 10.0 2.5 4 0 4 0 0
-4571.8 -11092.7 -17.6 48 0 8.4 32.1 7.5 2.5 2 1 3 4 4
2047.6 -10918.7 -11.4 80 0 80.9 214.1 10.0 0.0 0 1 4 0 0
1690.4 -7118.8 -2.9 162 0 105.5 143.5 12.5 0.0 0 1 5 2 2
2617.8 -6789.3 -9.1 342 0 52.1 100.9 10.0 0.0 0 1 4 2 2
2405.3 -6882.6 -9.4 162 0 96.4 47.9 10.0 0.0 0 0 4 1 1
2325.8 -6908.8 -9.7 342 0 96.4 60.6 12.5 0.0 0 0 5 3 3
2188.7 -6954.0 -10.0 342 0 96.4 47.2 7.5 0.0 0 0 3 4 4
2118.1 -6981.5 -10.2 342 0 112.0 48.1 10.0 0.0 0 0 4 3 3
1844.0 -7068.5 -8.3 162 0 105.3 216.5 17.5 0.0 0 1 7 2 2
2466.0 -6862.5 -9.2 162 0 96.4 47.6 5.0 0.0 0 0 2 4 4
2393.8 -6886.3 -9.5 342 0 96.4 48.0 10.0 0.0 0 0 4 5 5
2200.0 -6950.2 -9.8 162 0 96.4 47.9 10.0 0.0 0 0 4 1 1
1874.6 -10779.7 -10.2 171 0 48.2 13.6 10.0 2.5 4 0 4 3 3
1893.2 -10894.4 -10.3 171 0 41.8 13.6 10.0 2.5 2 0 4 0 0
1901.4 -10944.5 -10.7 171 0 43.1 13.6 10.0 2.5 2 0 4 0 0
1963.3 -10902.2 -11.2 351 0 98.6 38.7 12.5 0.0 0 0 5 4 4
1884.8 -10842.7 -10.3 171 0 41.7 13.6 7.5 2.5 2 0 3 0 0
1950.2 -10812.2 -10.2 351 0 49.7 42.2 10.0 0.0 0 0 4 0 0
2324.3 -6996.0 -9.2 70 0 60.5 16.5 10.0 0.0 0 0 4 2 2
5795.0 -9039.9 -10.1 253 0 20.9 8.0 2.5 2.5 2 0 1 1 1
5838.6 -8989.9 -10.2 162 0 7.5 32.4 5.0 2.5 2 1 2 0 0
6037.5 -9582.3 -11.5 343 0 27.2 7.1 7.5 2.5 4 0 3 0 0
5993.2 -9451.0 -11.3 75 0 10.3 10.0 7.5 2.5 2 0 3 3 3
6001.3 -8943.7 -10.2 161 0 105.1 15.6 7.5 0.0 0 0 3 4 4
5984.4 -9440.2 -11.2 71 0 7.9 27.4 5.0 2.5 2 1 2 2 2
6513.9 -11526.4 -14.7 258 0 13.7 66.4 7.5 2.5 2 1 3 5 5
5765.6 -9060.1 -10.2 72 0 29.3 9.4 7.5 0.0 0 0 3 5 5
6021.1 -9533.3 -11.4 342 0 36.5 6.6 7.5 2.5 4 0 3 4 4
5212.7 -8962.6 -9.6 72 0 34.8 81.4 10.0 0.0 0 1 4 3 3
6473.5 -9963.9 -12.0 78 0 28.0 59.4 10.0 0.0 0 1 4 3 3
5278.4 -10586.8 -11.5 343 0 63.3 12.0 7.5 2.5 2 0 3 5 5
5146.7 -10251.1 -12.0 253 0 129.9 35.0 10.0 0.0 0 0 4 3 3
5331.8 -8920.3 -11.2 72 0 36.1 12.7 10.0 2.5 2 0 4 0 0
5174.5 -10683.4 -11.8 162 0 37.7 65.4 10.0 0.0 0 1 4 5 5
5622.8 -8809.2 -9.7 163 0 11.1 31.1 10.0 2.5 2 1 4 4 4
5628.0 -11451.8 -13.0 78 0 12.8 26.5 10.0 2.5 2 1 4 4 4
6161.3 -3799.8 -8.2 335 0 11.9 10.5 5.0 2.5 2 0 2 4 4
6149.7 -10260.0 -12.4 255 0 45.6 101.8 10.0 0.0 0 1 4 1 1
6103.3 -3814.8 -8.3 243 0 6.6 19.1 7.5 0.0 0 1 3 2 2
6646.5 -8595.9 -10.4 73 0 7.6 27.0 7.5 2.5 4 1 3 0 0
6677.4 -10321.5 -14.0 76 0 43.4 106.3 7.5 0.0 0 1 3 2 2
5639.6 -11585.0 -13.4 80 0 17.6 19.6 5.0 2.5 2 1 2 0 0
5844.6 -10286.7 -11.9 167 0 5.6 24.6 7.5 2.5 4 1 3 4 4
5380.3 -9958.3 -11.8 71 0 60.7 133.8 10.0 0.0 0 1 4 1 1
6656.5 -8567.2 -10.2 340 0 4.6 10.5 5.0 2.5 2 1 2 1 1
6433.5 -8368.2 -10.7 252 0 274.4 101.2 7.5 0.0 0 0 3 4 4
5309.1 -10208.7 -11.1 256 0 13.1 29.9 7.5 0.0 0 1 3 2 2
6668.3 -10394.5 -13.6 253 0 33.9 81.2 10.0 0.0 0 1 4 3 3
5637.0 -9068.8 -10.9 72 0 31.7 20.8 10.0 0.0 0 0 4 4 4
6077.6 -8646.8 -10.7 254 0 22.8 7.8 7.5 2.5 2 0 3 5 5
5380.4 -10179.0 -12.0 249 0 99.1 28.6 12.5 0.0 0 0 5 5 5
5945.8 -8955.5 -10.0 342 0 32.5 12.0 7.5 2.5 4 0 3 5 5
5841.7 -9002.3 -10.2 162 0 6.6 33.2 2.5 2.5 2 1 1 5 5
6379.6 -11591.3 -14.4 168 0 68.6 11.6 10.0 2.5 2 0 4 0 0
5219.6 -9544.8 -11.2 162 0 241.7 59.4 15.0 0.0 0 0 6 2 2
6743.6 -8761.2 -10.6 71 0 38.9 35.9 10.0 0.0 0 0 4 5 5
5834.6 -8978.3 -10.2 162 0 6.0 32.7 7.5 2.5 2 1 3 3 3
5956.7 -8808.5 -9.8 163 0 41.3 8.6 7.5 2.5 2 0 3 5 5
5959.1 -8953.1 -9.9 341 0 29.2 9.9 7.5 0.0 0 0 3 1 1
6361.6 -11489.0 -14.1 168 0 58.9 10.5 10.0 2.5 2 0 4 0 0
6484.2 -11550.7 -14.5 258 0 11.4 45.9 7.5 2.5 4 1 3 1 1
5822.0 -9030.7 -10.3 249 0 17.9 10.9 2.5 2.5 2 0 1 0 0
5865.6 -9035.6 -10.4 73 0 23.9 7.1 5.0 2.5 2 0 2 3 3
6001.5 -9420.8 -11.3 342 0 44.3 6.2 7.5 2.5 2 0 3 0 0
5954.7 -9458.8 -11.1 72 0 22.5 14.4 7.5 0.0 0 0 3 3 3
6535.7 -9847.8 -13.3 258 0 45.5 104.6 10.0 0.0 0 1 4 4 4
5322.3 -10848.9 -11.5 351 0 76.3 32.3 7.5 0.0 0 0 3 4 4
5431.6 -8893.3 -11.3 70 0 110.2 24.4 7.5 0.0 0 0 3 0 0
6508.1 -9957.9 -13.0 78 0 36.1 61.3 12.5 0.0 0 1 5 2 2
5197.1 -10450.5 -11.8 80 0 80.0 32.2 5.0 0.0 0 0 2 5 5
5269.8 -10608.1 -11.7 343 0 121.0 36.3 7.5 0.0 0 0 3 5 5
5665.9 -9027.9 -10.5 252 0 16.1 39.6 10.0 2.5 2 1 4 5 5
5533.2 -8865.0 -10.4 71 0 68.7 27.8 10.0 0.0 0 0 4 5 5
6114.6 -3810.0 -8.3 245 0 7.0 17.3 7.5 2.5 4 1 3 1 1
6521.6 -9365.5 -12.9 163 0 46.9 49.3 12.5 0.0 0 1 5 0 0
5142.0 -10366.1 -11.9 170 0 65.0 69.7 10.0 0.0 0 1 4 0 0
6309.8 -10226.4 -12.5 252 0 81.1 85.0 10.0 0.0 0 1 4 5 5
5788.6 -10415.0 -11.5 345 0 43.3 27.6 7.5 0.0 0 0 3 1 1
6127.4 -3856.8 -8.3 62 0 8.9 22.7 7.5 2.5 2 1 3 5 5
6590.4 -9318.6 -13.0 252 0 26.6 45.3 7.5 0.0 0 1 3 0 0
6416.1 -8892.5 -11.6 166 0 31.8 9.4 7.5 2.5 2 0 3 1 1
5750.1 -9318.6 -11.4 161 0 64.0 142.6 5.0 0.0 0 1 2 3 3
6927.4 -8248.5 -11.1 342 0 102.5 245.6 15.0 0.0 0 1 6 2 2
6716.5 -10382.1 -14.1 252 0 31.9 78.6 7.5 0.0 0 1 3 4 4
5866.5 -9023.2 -10.3 73 0 31.8 7.2 5.0 2.5 2 0 2 4 4
5232.4 -10340.0 -11.6 349 0 61.4 8.7 5.0 2.5 2 0 2 5 5
6634.3 -10116.6 -13.7 259 0 31.2 76.0 10.0 0.0 0 1 4 2 2
6011.3 -8679.4 -10.3 252 0 77.0 262.7 7.5 0.0 0 1 3 1 1
6221.2 -10253.0 -12.5 253 0 59.8 95.1 10.0 0.0 0 1 4 2 2
5363.2 -11014.3 -11.5 349 0 61.8 35.9 10.0 0.0 0 0 4 1 1
6448.2 -8895.6 -11.4 75 0 8.5 19.4 5.0 2.5 2 1 2 5 5
5626.0 -9692.4 -11.1 342 0 90.3 12.3 7.5 2.5 2 0 3 2 2
5522.7 -9473.2 -10.6 252 0 7.3 35.9 7.5 2.5 2 1 3 5 5
5845.5 -9013.8 -10.3 163 0 8.3 33.0 7.5 2.5 2 1 3 0 0
5871.4 -8619.9 -10.2 342 0 127.1 652.6 10.0 0.0 0 1 4 0 0
5368.3 -10345.6 -11.3 77 0 35.2 103.3 12.5 0.0 0 1 5 2 2
5936.9 -8849.2 -9.9 338 0 7.2 14.5 7.5 2.5 2 1 3 3 3
6010.6 -9501.0 -11.4 342 0 25.7 8.3 7.5 2.5 2 0 3 2 2
5995.2 -8998.0 -10.2 71 0 30.9 19.6 7.5 0.0 0 0 3 4 4
5649.9 -9367.0 -11.9 341 0 97.4 53.3 10.0 0.0 0 0 4 0 0
6434.2 -11545.7 -14.4 259 0 9.6 63.5 7.5 2.5 2 1 3 2 2
5431.5 -9045.1 -10.6 71 0 320.9 87.6 7.5 0.0 0 0 3 5 5
5787.7 -3836.8 -8.7 253 0 20.1 6.3 7.5 2.5 2 0 3 4 4
5537.6 -3921.3 -9.1 342 0 5.7 16.5 7.5 2.5 2 1 3 5 5
5808.7 -3849.0 -8.7 342 0 13.6 11.9 5.0 2.5 2 0 2 0 0
4458.4 -9382.2 -9.6 252 0 32.2 40.8 10.0 0.0 0 1 4 3 3
4448.9 -9354.4 -9.8 72 0 162.0 201.3 7.5 0.0 0 0 3 3 3
4199.9 -9477.6 -10.2 72 0 89.1 287.8 7.5 0.0 0 0 3 4 4
4650.3 -8953.8 -9.4 251 0 12.2 10.6 5.0 2.5 4 0 2 2 2
4643.3 -9342.0 -9.9 72 0 19.7 8.7 7.5 2.5 2 0 3 0 0
4876.0 -9272.6 -10.3 342 0 6.6 65.6 7.5 2.5 2 1 3 3 3
4244.5 -9176.4 -9.6 72 0 136.6 15.0 7.5 0.0 0 0 3 4 4
4741.5 -9150.6 -10.0 342 0 287.3 19.8 10.0 0.0 0 0 4 1 1
4334.1 -9474.8 -9.9 72 0 23.5 8.3 5.0 0.0 0 0 2 2 2
4812.8 -9247.1 -10.2 72 0 25.3 10.7 7.5 0.0 0 0 3 1 1
4426.5 -9125.9 -9.4 342 0 46.4 89.0 10.0 0.0 0 0 4 2 2
4627.4 -9389.2 -9.5 55 0 8.3 12.0 7.5 2.5 2 0 3 0 0
3975.9 -9125.6 -9.7 251 0 17.2 10.0 7.5 2.5 2 0 3 4 4
4610.5 -9386.3 -9.5 253 0 22.8 9.0 2.5 2.5 2 0 1 5 5
4055.3 -9437.4 -10.1 342 0 8.8 9.1 2.5 2.5 4 1 1 5 5
4250.3 -9461.1 -10.1 71 0 16.8 287.6 7.5 0.0 0 0 3 0 0
4611.2 -9338.4 -9.5 163 0 6.7 8.4 5.0 2.5 2 1 2 1 1
4341.9 -9470.9 -9.8 50 0 7.2 11.0 2.5 2.5 2 0 1 5 5
4593.0 -9283.9 -9.6 162 0 49.5 13.3 10.0 2.5 2 0 4 4 4
4724.6 -9307.1 -10.2 72 0 89.1 287.3 5.0 0.0 0 0 2 0 0
4874.1 -9253.1 -10.2 342 0 13.0 69.9 10.0 2.5 2 1 4 0 0
4146.7 -9494.8 -10.2 73 0 22.4 287.8 10.0 0.0 0 0 4 0 0
4054.9 -9491.5 -10.1 161 0 40.9 19.4 10.0 2.5 2 0 4 1 1
4674.5 -9323.5 -10.2 72 0 16.2 287.4 7.5 0.0 0 0 3 0 0
4510.7 -9090.1 -9.6 72 0 136.0 15.0 10.0 0.0 0 0 4 3 3
5272.1 -9195.7 -10.2 72 0 45.9 26.8 7.5 0.0 0 0 3 2 2
5047.0 -9712.9 -10.9 163 0 18.8 5.9 7.5 2.5 2 0 3 3 3
5071.5 -9541.6 -10.6 342 0 145.7 60.9 10.0 0.0 0 0 4 1 1
5205.7 -9635.2 -10.8 251 0 48.8 41.9 7.5 0.0 0 0 3 1 1
5065.9 -9742.3 -10.9 72 0 19.2 21.3 7.5 2.5 2 1 3 0 0
3033.7 -7673.3 -3.2 343 0 8.3 5.0 5.0 2.5 2 0 2 4 4
3233.7 -7723.1 -3.6 342 0 7.0 33.5 7.5 2.5 2 0 3 5 5
2934.3 -7723.4 -2.7 342 0 46.1 50.8 7.5 0.0 0 1 3 5 5
2828.8 -7756.0 1.0 252 0 74.1 31.4 10.0 0.0 0 0 4 5 5
2693.6 -7832.8 -3.4 342 0 50.4 4.8 5.0 2.5 2 0 2 3 3
2696.7 -8027.8 -8.3 342 0 8.4 8.7 5.0 2.5 2 1 2 1 1
3251.0 -7736.7 -9.0 342 0 82.0 45.7 15.0 0.0 0 0 6 2 2
2682.5 -7793.9 -3.7 252 0 12.0 10.4 5.0 2.5 2 0 2 1 1
2707.8 -7802.2 -2.4 253 0 5.2 49.8 7.5 2.5 4 0 3 3 3
2704.4 -8048.6 -10.5 343 0 8.3 9.8 7.5 2.5 2 1 3 5 5
2650.7 -7896.5 -3.0 343 0 25.7 13.6 12.5 2.5 2 0 5 2 2
2940.8 -7712.7 -2.0 163 0 18.9 10.6 2.5 2.5 2 0 1 2 2
2709.5 -7798.9 -2.4 163 0 54.3 36.6 12.5 0.0 0 0 5 0 0
3100.3 -7649.2 -3.8 252 0 85.2 54.6 12.5 0.0 0 0 5 4 4
3173.1 -7625.2 -2.5 252 0 11.1 14.9 5.0 2.5 2 0 2 2 2
3278.6 -7837.4 -11.1 343 0 7.2 6.6 7.5 2.5 2 0 3 0 0
2943.1 -7450.1 -5.2 341 0 6.0 13.2 7.5 2.5 2 1 3 4 4
2965.9 -7477.8 -5.9 343 0 14.5 7.7 5.0 2.5 2 0 2 5 5
3029.7 -7584.3 -4.2 163 0 33.2 73.0 12.5 0.0 0 1 5 0 0
3130.3 -7520.3 -3.6 254 0 14.9 8.8 7.5 2.5 2 0 3 1 1
3150.2 -7515.2 -3.8 253 0 12.4 7.1 7.5 2.5 2 0 3 1 1
2512.5 -7827.8 -3.3 244 0 5.5 9.5 5.0 0.0 0 1 2 4 4
2463.6 -8023.2 -2.8 165 0 7.2 12.2 2.5 0.0 0 1 1 0 0
2415.3 -8002.5 -3.5 343 0 17.8 52.6 10.0 2.5 2 1 4 3 3
2457.7 -8123.7 -5.2 343 0 21.2 59.7 10.0 2.5 2 1 4 0 0
2407.1 -8087.3 -4.6 252 0 26.9 12.0 10.0 2.5 4 0 4 3 3
2456.8 -7987.4 -3.0 163 0 6.6 6.6 2.5 2.5 2 1 1 2 2
2328.3 -8178.8 -6.3 162 0 5.9 10.1 5.0 2.5 2 1 2 2 2
2442.7 -8047.4 -3.6 342 0 11.4 20.9 7.5 2.5 2 1 3 2 2
2348.1 -8126.2 -5.4 162 0 21.2 9.1 5.0 2.5 4 0 2 0 0
2511.7 -8215.3 -5.6 163 0 23.8 28.2 7.5 0.0 0 0 3 4 4
2581.9 -8011.7 -4.4 162 0 129.5 36.0 12.5 0.0 0 0 5 3 3
2546.1 -8099.9 -4.1 72 0 122.7 36.5 12.5 0.0 0 0 5 0 0
2595.5 -8148.3 -4.1 72 0 55.5 5.8 7.5 2.5 2 0 3 2 2
2491.7 -7971.9 -3.0 253 0 8.0 6.7 7.5 2.5 2 0 3 1 1
2639.5 -8258.2 -5.9 252 0 102.3 18.9 10.0 0.0 0 0 4 2 2
2521.9 -8277.1 -6.5 163 0 25.1 8.9 5.0 2.5 2 0 2 4 4
2361.7 -7891.3 -5.0 342 0 27.0 43.6 7.5 0.0 0 0 3 2 2
2401.5 -8063.2 -4.1 73 0 34.9 27.8 10.0 0.0 0 0 4 5 5
2493.1 -8019.8 -2.6 65 0 7.2 12.3 7.5 0.0 0 1 3 4 4
2496.3 -8321.0 -7.6 72 0 48.9 27.0 7.5 0.0 0 0 3 1 1
2549.8 -8211.1 -5.2 72 0 18.8 16.2 7.5 2.5 2 0 3 3 3
2652.7 -8169.8 -4.9 342 0 24.0 87.0 12.5 0.0 0 1 5 2 2
2661.3 -8167.7 -3.9 162 0 58.7 14.7 12.5 2.5 2 0 5 4 4
2330.0 -8061.6 -4.5 162 0 22.7 5.5 2.5 2.5 2 0 1 3 3
2538.6 -8264.7 -6.2 342 0 11.8 10.8 7.5 2.5 2 0 3 1 1
2329.6 -7933.6 -4.6 162 0 33.2 19.1 7.5 0.0 0 0 3 5 5
2334.0 -7854.9 -5.5 252 0 13.7 4.8 5.0 2.5 2 0 2 4 4
2226.8 -7910.6 -5.4 162 0 40.5 6.9 7.5 2.5 2 0 3 1 1
2256.8 -7871.2 -5.7 341 0 18.1 8.5 7.5 2.5 4 0 3 1 1
2685.3 -8232.7 -4.2 251 0 14.5 10.3 2.5 2.5 4 0 1 0 0
2912.6 -7629.3 -6.7 342 0 30.7 9.7 7.5 2.5 2 0 3 3 3
2633.4 -7703.0 -4.5 252 0 86.0 19.3 10.0 0.0 0 0 4 0 0
2765.5 -7516.7 -5.2 73 0 17.4 6.9 5.0 2.5 2 0 2 1 1
3008.8 -7611.6 -6.4 342 0 12.6 17.2 7.5 2.5 4 1 3 4 4
2739.8 -7643.8 -4.5 252 0 35.2 9.8 7.5 2.5 2 0 3 2 2
2779.8 -7513.3 -5.1 252 0 7.2 29.8 5.0 2.5 2 1 2 5 5
2242.5 -8039.3 -4.7 162 0 6.0 10.0 5.0 2.5 2 1 2 5 5
2231.3 -8209.9 -6.7 343 0 5.3 8.8 2.5 2.5 2 1 1 0 0
2340.5 -8084.4 -4.8 251 0 6.1 10.6 5.0 2.5 2 1 2 2 2
1983.8 -8500.4 -8.1 342 0 8.4 4.3 5.0 2.5 2 0 2 0 0
2274.3 -8338.0 -7.9 252 0 20.3 60.0 7.5 2.5 2 0 3 5 5
2362.2 -8372.7 -8.0 258 0 24.3 10.5 10.0 2.5 4 0 4 3 3
1920.4 -8308.4 -7.3 164 0 9.0 13.9 5.0 2.5 2 1 2 5 5
1992.7 -8401.1 -7.7 72 0 19.3 59.2 7.5 2.5 2 1 3 5 5
2372.8 -8286.6 -7.6 252 0 17.3 22.6 7.5 2.5 2 0 3 2 2
2236.3 -8349.2 -7.9 252 0 20.5 61.5 5.0 2.5 2 1 2 0 0
1995.6 -8419.5 -8.0 252 0 23.6 74.6 12.5 0.0 0 1 5 1 1
2398.0 -8369.7 -8.0 73 0 27.3 7.1 5.0 2.5 2 0 2 4 4
2052.6 -8416.9 -7.9 162 0 57.0 15.5 10.0 2.5 2 0 4 1 1
2119.0 -8443.5 -8.0 72 0 43.3 73.0 7.5 0.0 0 0 3 3 3
2314.0 -8325.0 -7.9 252 0 15.9 60.4 7.5 2.5 2 0 3 3 3
1988.0 -8059.9 -5.8 163 0 18.2 20.3 12.5 2.5 2 1 5 0 0
2295.2 -8331.1 -7.8 252 0 23.6 18.5 12.5 2.5 4 0 5 1 1
1813.1 -8185.1 -6.7 253 0 27.8 14.2 10.0 2.5 2 0 4 5 5
2167.2 -8379.5 -8.0 252 0 10.1 53.7 12.5 2.5 2 1 5 2 2
1958.6 -8249.4 -7.0 72 0 20.7 6.5 5.0 0.0 0 0 2 0 0
1894.7 -8216.4 -7.0 162 0 89.3 40.1 10.0 0.0 0 0 4 0 0
2043.5 -7992.1 -6.1 162 0 82.9 20.1 10.0 0.0 0 0 4 1 1
2198.2 -8361.2 -7.9 252 0 21.0 61.3 7.5 2.5 2 1 3 4 4
2072.4 -8055.2 -6.3 73 0 20.5 22.0 7.5 2.5 4 1 3 3 3
1878.0 -8150.0 -6.6 161 0 7.7 18.2 7.5 2.5 2 1 3 5 5
2067.5 -8345.0 -7.6 72 0 77.6 30.9 7.5 0.0 0 0 3 2 2
2345.7 -8331.1 -7.9 343 0 24.4 17.4 10.0 2.5 2 0 4 3 3
2034.2 -8176.2 -7.0 342 0 92.4 84.2 10.0 0.0 0 0 4 5 5
2007.7 -8080.8 -5.6 72 0 20.4 12.0 5.0 0.0 0 0 2 0 0
1900.4 -8261.6 -7.1 251 0 17.3 6.8 7.5 2.5 4 0 3 4 4
2419.4 -8337.6 -7.8 342 0 33.5 16.7 12.5 2.5 2 0 5 0 0
2395.7 -8458.7 -8.4 72 0 8.1 33.5 7.5 0.0 0 1 3 4 4
2305.9 -8449.3 -8.3 71 0 86.4 5.5 7.5 0.0 0 0 3 1 1
2268.2 -8482.4 -8.4 342 0 45.5 7.6 7.5 0.0 0 0 3 5 5
1612.6 -8570.1 -8.0 343 0 7.3 18.7 5.0 2.5 2 1 2 3 3
1548.6 -8611.0 -8.2 341 0 39.9 17.8 10.0 2.5 2 0 4 0 0
1556.3 -8560.9 -7.9 73 0 13.6 66.7 10.0 2.5 4 1 4 4 4
1528.6 -8570.0 -7.9 73 0 14.4 66.8 10.0 2.5 2 1 4 4 4
1622.4 -8595.0 -8.1 343 0 15.8 43.6 10.0 2.5 2 0 4 0 0
1518.6 -8615.1 -8.1 341 0 27.5 5.1 7.5 2.5 2 0 3 3 3
1615.9 -8580.0 -8.1 342 0 8.6 5.6 5.0 2.5 2 0 2 5 5
1619.8 -8569.2 -8.0 162 0 31.0 7.3 7.5 2.5 2 0 3 1 1
2401.9 -7140.7 -8.4 343 0 39.9 10.5 12.5 2.5 2 0 5 1 1
2707.6 -6801.9 -9.2 251 0 59.7 129.0 10.0 0.0 0 1 4 2 2
2653.7 -7228.4 -7.0 238 0 17.1 9.5 5.0 2.5 2 0 2 2 2
2753.2 -7189.3 -7.6 239 0 201.7 35.2 7.5 0.0 0 0 3 2 2
2538.1 -7132.6 -7.9 246 0 15.9 27.1 10.0 0.0 0 1 4 3 3
2584.9 -7104.0 -8.2 72 0 138.8 35.5 7.5 0.0 0 0 3 5 5
2744.3 -7128.6 -8.4 72 0 54.5 5.6 7.5 2.5 2 0 3 5 5
2513.3 -7153.2 -8.0 342 0 33.0 27.0 10.0 0.0 0 0 4 2 2
2436.9 -7185.2 -8.1 342 0 11.1 24.3 7.5 2.5 2 1 3 2 2
2628.9 -7102.5 -7.5 246 0 16.0 27.2 12.5 0.0 0 1 5 3 3
2604.5 -7269.6 -7.3 238 0 152.9 9.0 7.5 0.0 0 0 3 2 2
2686.1 -7108.1 -8.0 165 0 5.6 6.4 5.0 2.5 2 1 2 1 1
2598.4 -7112.4 -7.2 246 0 15.8 26.9 10.0 0.0 0 1 4 0 0
2567.6 -7122.6 -7.8 246 0 15.8 26.9 7.5 0.0 0 1 3 1 1
2745.3 -7135.5 -8.5 253 0 41.2 11.5 7.5 2.5 2 0 3 1 1
1611.9 -7315.9 -5.0 72 0 16.3 8.7 5.0 2.5 2 0 2 4 4
2099.5 -7133.8 -4.4 253 0 12.8 6.6 7.5 2.5 2 0 3 0 0
1940.8 -7188.8 -3.1 252 0 11.5 9.8 7.5 2.5 2 0 3 1 1
1627.3 -7186.8 -3.7 72 0 52.0 9.3 7.5 2.5 4 0 3 0 0
2380.9 -7001.9 -8.9 163 0 37.3 10.2 10.0 2.5 2 0 4 1 1
1855.5 -7188.7 -3.0 72 0 12.5 17.6 2.5 2.5 2 1 1 3 3
1688.1 -7185.4 -3.7 251 0 16.0 63.8 7.5 2.5 2 0 3 3 3
2012.3 -7103.2 -3.6 72 0 7.8 6.1 5.0 2.5 2 0 2 2 2
1648.6 -7198.3 -3.9 252 0 67.1 18.7 7.5 2.5 2 0 3 3 3
2534.3 -6992.4 -8.4 252 0 8.4 8.3 7.5 2.5 2 0 3 0 0
2412.5 -7032.3 -8.7 254 0 33.1 5.3 2.5 2.5 2 0 1 4 4
2518.0 -6998.0 -8.4 251 0 14.2 7.7 5.0 2.5 2 0 2 2 2
2153.1 -7117.8 -7.4 252 0 76.9 9.0 7.5 2.5 2 0 3 1 1
2353.4 -7068.3 -8.8 72 0 30.5 11.4 7.5 2.5 2 0 3 3 3
2549.6 -6991.0 -8.3 252 0 20.6 11.3 2.5 2.5 2 0 1 2 2
2572.0 -6980.4 -8.0 251 0 6.8 11.7 5.0 0.0 0 1 2 3 3
1373.9 -7355.9 -6.5 106 0 6.6 28.8 5.0 2.5 2 1 2 2 2
1396.6 -7929.2 -6.3 162 0 31.3 34.7 7.5 2.5 2 1 3 0 0
1356.9 -8032.7 -6.3 73 0 36.5 24.4 7.5 0.0 0 0 3 0 0
1399.0 -8000.8 -5.7 343 0 32.7 6.7 7.5 0.0 0 0 3 1 1
1407.0 -7896.6 -6.5 71 0 34.1 5.7 7.5 2.5 2 0 3 5 5
1469.5 -7972.8 -6.0 64 0 6.2 15.5 2.5 2.5 2 1 1 2 2
1367.2 -7926.8 -6.1 252 0 18.0 47.6 10.0 2.5 2 1 4 5 5
1465.1 -7930.4 -6.2 342 0 11.9 7.0 2.5 2.5 4 0 1 5 5
1422.4 -8010.9 -5.8 73 0 7.0 33.6 5.0 2.5 2 1 2 4 4
1439.2 -8000.3 -5.9 54 0 17.8 8.5 7.5 2.5 2 0 3 0 0
6666.2 -8375.1 -10.1 162 0 8.4 3.7 2.5 2.5 2 0 1 1 1
6690.6 -8472.7 -10.2 72 0 28.0 16.8 12.5 2.5 2 0 5 2 2
6653.3 -6206.9 -9.5 162 0 41.7 30.5 10.0 2.5 2 0 4 1 1
6818.8 -8415.0 -10.9 72 0 20.2 15.9 7.5 2.5 2 0 3 0 0
6758.8 -8433.9 -10.1 72 0 55.2 12.8 10.0 2.5 2 0 4 5 5
6924.2 -6341.6 -9.8 342 0 18.6 129.4 10.0 0.0 0 1 4 1 1
6851.8 -6246.6 -9.7 341 0 9.5 13.8 5.0 0.0 0 0 2 2 2
6872.3 -6163.4 -9.7 342 0 17.6 76.2 7.5 2.5 2 1 3 3 3
6776.5 -6425.5 -9.6 343 0 60.5 8.7 7.5 0.0 0 0 3 4 4
6752.6 -6160.0 -9.3 252 0 40.6 55.0 10.0 0.0 0 1 4 0 0
6903.0 -6258.5 -9.8 343 0 9.9 36.7 7.5 2.5 2 1 3 5 5
6857.7 -6319.6 -9.8 341 0 14.6 13.5 5.0 2.5 2 0 2 2 2
6645.8 -8265.8 -9.9 72 0 12.8 9.4 7.5 2.5 2 0 3 2 2
2950.5 -7210.4 -6.1 159 0 24.2 15.9 10.0 2.5 2 0 4 1 1
3523.7 -6911.7 -5.4 252 0 6.7 26.4 5.0 2.5 4 1 2 0 0
4286.3 -7206.3 -2.3 342 0 20.6 8.1 2.5 2.5 2 0 1 3 3
3047.9 -7162.6 -6.7 253 0 9.1 26.9 7.5 2.5 2 1 3 3 3
2996.0 -7211.2 -6.4 70 0 23.5 41.6 10.0 0.0 0 1 4 4 4
3072.2 -7168.5 -6.9 345 0 9.8 7.6 7.5 2.5 4 0 3 5 5
6290.9 -8904.8 -11.7 257 0 50.0 26.6 12.5 0.0 0 0 5 4 4
6640.0 -8469.9 -10.0 72 0 16.8 15.4 7.5 2.5 2 0 3 1 1
6197.8 -8919.2 -11.1 344 0 9.9 5.9 7.5 2.5 2 0 3 0 0
6586.5 -8313.3 -9.9 252 0 32.9 97.6 10.0 0.0 0 1 4 3 3
6774.9 -8825.5 -10.7 73 0 14.6 12.1 5.0 0.0 0 0 2 0 0
6510.6 -8870.1 -11.6 348 0 22.8 9.8 5.0 2.5 4 0 2 1 1
6390.1 -8341.4 -10.4 253 0 14.0 7.0 5.0 2.5 2 0 2 0 0
6375.4 -8346.1 -10.4 251 0 16.8 9.5 5.0 2.5 2 0 2 0 0
6788.8 -8807.6 -10.6 252 0 11.3 13.0 5.0 0.0 0 0 2 0 0
6788.1 -8814.6 -10.6 342 0 13.0 8.6 2.5 2.5 2 0 1 1 1
5670.0 -9495.1 -11.9 72 0 40.9 13.7 10.0 2.5 2 0 4 1 1
5587.1 -9482.4 -11.7 163 0 12.0 6.0 7.5 2.5 2 0 3 1 1
5659.0 -9554.7 -11.9 71 0 4.7 5.5 5.0 2.5 2 1 2 3 3
4255.6 -10251.0 -11.7 342 0 101.5 134.3 7.5 0.0 0 1 3 2 2
4024.5 -10191.1 -11.2 342 0 84.2 89.2 7.5 0.0 0 1 3 5 5
4066.3 -10318.2 -10.7 342 0 111.0 101.6 10.0 0.0 0 0 4 5 5
3938.7 -10107.1 -11.3 71 0 36.6 21.9 7.5 0.0 0 0 3 5 5
4105.9 -10390.5 -10.4 342 0 5.7 21.7 2.5 2.5 2 1 1 0 0
4216.9 -10128.7 -11.7 342 0 84.8 135.2 10.0 0.0 0 1 4 4 4
4208.7 -10353.9 -11.4 163 0 7.1 21.9 2.5 2.5 4 1 1 4 4
2681.1 -9443.8 -7.4 250 0 8.5 23.4 7.5 2.5 2 1 3 2 2
2117.5 -10271.7 -10.2 351 0 8.5 21.0 12.0 0.0 0 1 3 0 0
2635.0 -10175.2 -12.9 81 0 30.0 17.7 7.5 2.5 2 0 3 0 0
2975.8 -10663.7 -11.1 351 0 81.5 42.9 10.0 0.0 0 0 4 0 0
2968.4 -10554.4 -11.3 170 0 113.4 43.5 12.5 0.0 0 0 5 1 1
2382.0 -10165.8 -11.9 261 0 39.0 43.0 7.5 0.0 0 1 3 5 5
2730.3 -10722.2 -11.0 170 0 112.8 55.2 10.0 0.0 0 0 4 3 3
2760.8 -10276.5 -12.7 80 0 13.0 56.6 7.5 0.0 0 0 3 1 1
2690.9 -10491.4 -12.2 170 0 81.3 54.6 10.0 0.0 0 0 4 0 0
2749.1 -10206.6 -11.9 261 0 11.7 11.1 8.0 2.5 2 0 2 2 2
2778.4 -10340.7 -12.5 170 0 29.0 6.4 8.0 2.5 2 0 2 0 0
2697.0 -10600.4 -11.8 350 0 113.1 55.6 10.0 0.0 0 0 4 0 0
2810.1 -10417.7 -12.1 80 0 18.6 23.2 7.5 2.5 2 1 3 3 3
2294.5 -10231.3 -11.3 81 0 17.9 12.7 4.0 2.5 2 0 1 0 0
2591.9 -10618.2 -11.0 350 0 113.3 55.1 10.0 0.0 0 0 4 1 1
2858.9 -10314.1 -12.5 171 0 34.5 15.1 7.5 2.5 2 0 3 4 4
2956.9 -10556.1 -11.3 350 0 113.9 43.0 10.0 0.0 0 0 4 3 3
2986.8 -10661.3 -11.5 170 0 82.0 43.2 10.0 0.0 0 0 4 5 5
2881.4 -10458.0 -11.9 350 0 81.3 56.6 7.5 0.0 0 0 3 3 3
3062.8 -10767.8 -11.7 81 0 92.0 34.1 7.5 0.0 0 0 3 3 3
2519.9 -10631.3 -10.8 350 0 112.1 61.0 12.5 0.0 0 0 5 0 0
2257.2 -10825.8 -11.1 170 0 78.6 42.8 12.5 0.0 0 0 5 3 3
2575.3 -10521.1 -11.4 350 0 57.1 54.5 10.0 0.0 0 0 4 5 5
2857.2 -10269.7 -12.2 315 0 21.1 10.0 8.0 2.5 2 0 2 3 3
2639.3 -10743.0 -10.5 80 0 23.8 40.8 7.5 0.0 0 1 3 1 1
2853.6 -10701.0 -10.7 351 0 113.7 55.1 10.0 0.0 0 0 4 2 2
2718.0 -10723.8 -11.1 350 0 113.5 55.1 10.0 0.0 0 0 4 1 1
2366.2 -10558.9 -11.0 170 0 56.1 61.5 7.5 0.0 0 1 3 1 1
2938.0 -10448.8 -11.8 350 0 81.4 42.2 10.0 0.0 0 0 4 2 2
2540.6 -10754.1 -10.1 350 0 113.4 61.6 10.0 0.0 0 0 4 2 2
2547.7 -10177.0 -12.6 351 0 26.1 9.4 8.0 2.5 2 0 2 3 3
2202.3 -10668.6 -9.8 164 0 29.6 6.3 8.0 2.5 2 0 2 1 1
2356.3 -10559.9 -10.8 350 0 55.2 62.5 12.5 0.0 0 1 5 0 0
2862.9 -10682.7 -10.7 170 0 81.2 55.1 7.5 0.0 0 0 3 4 4
2776.1 -10288.7 -12.8 80 0 39.2 14.6 12.5 2.5 2 0 5 4 4
2234.0 -10728.7 -10.5 170 0 103.8 42.9 7.5 0.0 0 0 3 4 4
2382.5 -10654.3 -10.6 170 0 113.5 62.3 10.0 0.0 0 0 4 1 1
2709.0 -10599.0 -11.7 170 0 113.5 54.9 12.5 0.0 0 0 5 5 5
2845.0 -10575.8 -11.4 170 0 113.9 54.9 7.5 0.0 0 0 3 2 2
2897.7 -10796.6 -10.8 81 0 16.5 17.1 10.0 2.5 2 1 4 3 3
2814.7 -10469.6 -11.9 350 0 81.0 55.0 7.5 0.0 0 0 3 3 3
2393.9 -10779.2 -11.2 350 0 113.4 62.6 12.5 0.0 0 0 5 4 4
2450.5 -10215.6 -12.2 81 0 25.0 24.5 10.0 0.0 0 0 4 3 3
2140.5 -10406.5 -10.0 351 0 54.7 19.1 10.0 2.5 2 0 4 0 0
2327.0 -10233.3 -11.5 80 0 15.6 29.3 7.5 2.5 2 1 3 0 0
2542.9 -10141.6 -12.7 350 0 10.5 9.7 8.0 2.5 4 0 2 2 2
2372.1 -10655.4 -10.5 350 0 113.0 62.2 12.5 0.0 0 0 5 3 3
2833.2 -10577.5 -11.4 351 0 113.2 55.3 10.0 0.0 0 0 4 1 1
2971.0 -10748.5 -11.1 260 0 7.5 15.8 8.0 0.0 0 1 2 3 3
2380.8 -10890.8 -11.6 80 0 17.5 14.8 7.5 2.5 2 0 3 1 1
2613.4 -10742.1 -10.3 350 0 112.9 55.9 10.0 0.0 0 0 4 5 5
2808.9 -10335.5 -12.5 351 0 41.8 24.6 7.5 0.0 0 0 3 4 4
2419.9 -10865.8 -11.3 259 0 9.0 7.3 4.0 2.5 2 0 1 1 1
2678.8 -10493.1 -12.1 350 0 81.4 55.5 10.0 0.0 0 0 4 5 5
2403.4 -10778.1 -9.9 170 0 112.8 62.7 7.5 0.0 0 0 3 4 4
2182.9 -10580.6 -9.9 260 0 11.0 21.7 4.0 2.5 2 1 1 0 0
2504.2 -10535.0 -11.2 350 0 56.2 61.6 10.0 0.0 0 1 4 3 3
2566.3 -10169.1 -12.8 170 0 36.7 11.9 10.0 2.5 2 0 4 5 5
2601.7 -10466.3 -11.6 350 0 14.1 18.1 10.0 2.5 2 1 4 2 2
2610.2 -10844.8 -9.7 81 0 39.8 9.3 7.5 0.0 0 0 3 3 3
2653.8 -10787.5 -10.2 351 0 6.1 3.7 8.0 2.5 2 0 2 4 4
2317.2 -10508.8 -10.8 261 0 32.4 7.5 8.0 2.5 2 0 2 3 3
2477.7 -9582.3 -8.5 72 0 48.6 58.3 7.5 0.0 0 1 3 2 2
2468.7 -9807.2 -10.7 72 0 25.9 88.7 7.5 0.0 0 1 3 4 4
2364.6 -9469.6 -8.1 253 0 50.0 62.5 7.5 0.0 0 1 3 4 4
2524.4 -9826.5 -10.9 252 0 22.0 89.8 10.0 0.0 0 1 4 2 2
2478.5 -9842.3 -11.3 252 0 22.5 88.2 7.5 0.0 0 1 3 3 3
2381.1 -9991.5 -12.4 163 0 11.2 19.5 2.5 2.5 2 1 1 2 2
2513.6 -9791.2 -10.1 73 0 18.5 63.2 10.0 2.5 2 1 4 1 1
2308.7 -9644.6 -8.9 72 0 30.8 65.0 7.5 0.0 0 1 3 0 0
2296.4 -9521.3 -8.5 342 0 66.3 52.7 7.5 0.0 0 0 3 2 2
2249.1 -9665.3 -9.1 72 0 38.5 66.3 7.5 0.0 0 0 3 4 4
2406.9 -9606.7 -8.6 73 0 47.8 61.4 5.0 0.0 0 1 2 1 1
2799.3 -9903.7 -9.9 164 0 5.8 22.9 5.0 2.5 2 1 2 0 0
2005.8 -10426.8 -9.7 353 0 49.5 32.8 7.5 0.0 0 0 3 2 2
2010.5 -10689.2 -9.8 80 0 73.1 12.3 10.0 2.5 2 0 4 0 0
1987.4 -9606.3 -9.0 343 0 39.2 65.8 7.5 0.0 0 1 3 3 3
1936.4 -10756.4 -10.0 351 0 13.1 10.9 8.0 2.5 2 0 2 4 4
2008.4 -9611.3 -8.9 162 0 38.6 48.1 10.0 0.0 0 1 4 2 2
1896.2 -10739.6 -10.0 261 0 8.2 14.2 8.0 2.5 2 1 2 4 4
4858.7 -6940.3 -0.8 251 0 3.6 13.0 2.5 2.5 2 0 1 1 1
4860.9 -6932.0 -1.5 318 0 6.4 10.5 5.0 0.0 0 0 2 1 1
-5109.5 -11488.3 -18.7 90 0 7.1 12.9 5.0 2.5 2 1 2 0 0
-5116.1 -11524.9 -18.7 1 0 29.2 34.9 7.5 0.0 0 0 3 1 1
-5176.0 -11621.8 -18.9 41 0 46.1 4.5 5.0 2.5 2 0 2 5 5
-5120.7 -11552.0 -18.8 357 0 42.5 30.9 7.5 0.0 0 0 3 1 1
-5109.1 -11493.3 -18.7 270 0 13.6 29.8 10.0 2.5 2 0 4 2 2
-5088.7 -11493.0 -18.7 269 0 27.4 29.8 12.5 0.0 0 0 5 4 4
-5029.4 -11460.8 -18.6 1 0 64.2 8.7 7.5 2.5 2 0 3 5 5
-5066.2 -11507.4 -18.7 359 0 29.9 8.5 7.5 2.5 2 0 3 0 0
4676.4 -10638.9 -12.3 73 0 136.7 49.7 10.0 0.0 0 0 4 1 1
4632.4 -10503.4 -12.1 252 0 136.4 63.2 10.0 0.0 0 0 4 4 4
6249.7 -10187.8 -12.5 72 0 98.0 134.6 10.0 0.0 0 1 4 3 3
6391.9 -10198.9 -12.8 251 0 54.5 43.1 7.5 0.0 0 0 3 2 2
6403.1 -10408.3 -12.7 73 0 42.2 73.0 10.0 0.0 0 1 4 1 1
6309.9 -10436.9 -12.7 74 0 97.1 85.3 5.0 0.0 0 0 2 1 1
6154.3 -10593.5 -12.4 164 0 80.5 47.0 10.0 0.0 0 0 4 1 1
6172.8 -10669.4 -12.2 161 0 41.9 52.2 10.0 0.0 0 1 4 4 4
6301.2 -10605.0 -12.2 342 0 40.1 63.4 7.5 0.0 0 1 3 2 2
6243.4 -10525.6 -12.3 253 0 63.1 60.1 7.5 0.0 0 0 3 5 5
5243.1 -10840.1 -11.6 260 0 32.9 74.5 10.0 0.0 0 1 4 5 5
4265.3 -11169.3 -12.2 258 0 19.4 56.0 7.5 2.5 2 1 3 2 2
4302.9 -11162.1 -12.1 259 0 30.2 54.9 7.5 0.0 0 1 3 4 4
-4592.2 -11087.5 -17.6 318 0 30.3 6.0 5.0 2.5 2 0 2 0 0
-5069.9 -11401.5 -18.5 1 0 11.6 7.7 7.5 2.5 2 0 3 5 5
-5324.6 -11633.5 -19.1 152 0 3.4 36.9 7.5 2.5 2 1 3 5 5
-5012.2 -11703.3 -17.4 255 0 11.0 17.6 10.0 2.5 2 1 4 2 2
-5186.9 -11714.0 -18.8 310 0 10.0 13.3 5.0 2.5 2 1 2 4 4
-5166.3 -11670.1 -19.0 222 0 17.0 21.0 7.5 2.5 4 1 3 4 4
-5220.2 -11765.0 -18.5 137 0 9.9 16.5 7.5 2.5 2 1 3 1 1
-5347.5 -11871.5 -18.2 224 0 9.7 21.8 7.5 2.5 2 1 3 4 4
-5323.2 -11845.4 -18.3 220 0 10.4 21.9 10.0 2.5 2 1 4 1 1
-5301.5 -11821.7 -18.4 221 0 16.0 22.0 10.0 2.5 2 1 4 3 3
-5274.0 -11791.0 -18.5 221 0 10.0 22.7 5.0 2.5 2 1 2 4 4
-5289.2 -11901.0 -17.7 68 0 20.1 21.8 15.0 0.0 0 1 6 2 2
-5261.0 -11865.2 -17.8 25 0 8.4 14.8 5.0 2.5 4 1 2 1 1
-5242.4 -11868.6 -17.3 202 0 9.9 16.1 2.5 2.5 2 1 1 3 3
-5214.6 -11806.9 -17.9 199 0 17.6 19.8 12.5 0.0 0 1 5 0 0
-5129.0 -11734.0 -18.0 259 0 19.7 13.3 7.5 2.5 2 0 3 0 0
-5048.7 -11713.0 -17.6 256 0 12.7 16.5 7.5 2.5 2 1 3 0 0
-4972.5 -11694.2 -17.6 255 0 11.1 15.7 5.0 2.5 2 1 2 1 1
-4938.9 -11684.6 -17.3 249 0 10.6 17.4 7.5 2.5 2 1 3 4 4
-4918.4 -11653.5 -16.8 190 0 16.0 14.6 5.0 2.5 4 0 2 1 1
-4921.8 -11616.6 -17.3 176 0 18.2 12.3 5.0 2.5 2 0 2 0 0
-4928.1 -11567.6 -18.1 176 0 8.2 16.0 5.0 2.5 2 1 2 4 4
-4942.9 -11490.0 -18.5 142 0 9.9 14.5 2.5 2.5 2 1 1 3 3
-2823.1 -10606.0 -10.1 249 0 33.7 18.6 10.0 0.0 0 0 4 0 0
-2766.9 -10609.1 -10.6 69 0 69.0 23.0 10.0 2.5 2 0 4 2 2
-2877.3 -10649.8 -10.4 69 0 86.9 18.4 7.5 2.5 2 0 3 4 4
