2120.8 -6479.2 -18.3 173 0 35.7 14.1 7.5 2.5 2 0 3 3 3
6479.1 4070.8 1.5 137 0 6.0 9.6 5.0 2.5 2 1 2 4 4
6129.6 3775.3 2.2 51 0 16.1 34.9 7.5 2.5 2 1 3 1 1
5620.2 -10076.8 -21.3 46 0 8.2 34.9 10.5 0.0 0 1 3 5 5
6434.2 -8732.0 -19.0 181 0 16.5 22.5 14.0 3.5 2 1 4 4 4
6853.4 -8262.9 -19.3 271 0 12.6 22.0 17.5 3.5 2 1 5 1 1
5367.5 -7664.1 -14.1 271 0 24.3 11.8 17.5 3.5 2 0 5 5 5
5338.1 -7684.3 -14.0 222 0 16.9 11.0 14.0 3.5 2 0 4 1 1
5388.6 -7684.4 -14.4 180 0 16.4 8.3 10.5 3.5 2 0 3 0 0
4624.1 -6566.6 -10.9 271 0 16.8 21.8 14.0 3.5 2 1 4 3 3
4567.1 -6620.3 -10.9 271 0 23.8 18.4 12.5 2.5 2 0 5 5 5
-1561.4 -6763.8 -5.8 271 0 23.0 14.3 7.5 2.5 2 0 3 4 4
6877.3 5926.2 -1.0 314 0 9.3 18.3 7.5 0.0 0 1 3 4 4
5684.3 -8569.6 -16.9 24 0 11.4 17.5 17.5 3.5 2 0 5 2 2
6803.5 -8660.6 -20.1 181 0 22.8 16.7 17.5 3.5 2 0 5 4 4
6668.0 -8650.9 -19.2 91 0 15.3 8.4 10.5 3.5 2 0 3 3 3
5395.4 1004.0 1.7 270 0 7.7 22.4 3.5 2.5 2 1 1 3 3
6047.1 -7985.3 -16.0 91 0 17.5 27.9 17.5 3.5 2 1 5 4 4
5849.5 1089.0 0.6 218 0 21.6 11.1 7.0 2.5 2 0 2 5 5
5638.3 -9074.9 -17.8 360 0 10.2 33.1 14.0 3.5 2 1 4 1 1
-1625.4 -6718.1 -5.7 360 0 17.4 10.7 7.0 2.5 2 0 2 2 2
-1642.1 -6726.4 -5.7 90 0 7.4 10.1 3.5 2.5 2 1 1 3 3
5441.7 1004.0 1.5 270 0 6.7 8.4 7.0 2.5 2 1 2 2 2
5753.1 -8689.1 -17.1 91 0 7.4 31.0 10.5 3.5 2 0 3 2 2
6794.1 960.1 -2.0 360 0 30.0 12.7 7.5 2.5 2 0 3 3 3
5692.8 -9008.7 -17.5 270 0 10.2 33.0 14.0 3.5 2 1 4 1 1
5698.0 -9064.8 -17.6 360 0 33.0 10.2 14.0 3.5 2 0 4 1 1
5660.8 -9070.4 -17.6 270 0 33.0 10.2 14.0 3.5 2 0 4 3 3
5616.1 -9044.1 -17.8 360 0 34.2 10.2 14.0 3.5 4 0 4 4 4
5616.0 -9003.6 -17.8 360 0 33.0 10.2 14.0 3.5 2 0 4 5 5
5610.7 -8946.9 -17.8 270 0 10.2 33.9 14.0 3.5 2 1 4 5 5
5643.8 -8959.3 -17.7 180 0 10.2 33.0 17.5 3.5 2 1 5 4 4
5692.3 -8947.8 -17.6 270 0 10.2 33.0 17.5 3.5 2 1 5 2 2
6851.9 -8323.5 -19.5 270 0 17.5 26.9 17.5 3.5 2 1 5 5 5
6548.8 950.3 -0.8 180 0 43.8 13.3 7.5 2.5 2 0 3 4 4
-1450.4 -6521.4 -5.0 90 0 17.2 46.7 10.0 0.0 0 1 4 2 2
-1491.4 -6502.4 -5.0 90 0 11.9 18.1 8.0 0.0 0 1 2 5 5
5753.2 -8478.1 -16.8 180 0 14.8 10.2 14.0 0.0 0 0 4 5 5
5750.2 -8400.7 -16.7 114 0 14.4 72.7 17.5 0.0 0 1 5 4 4
1988.6 -3682.7 0.0 218 0 8.2 18.7 7.0 2.5 2 1 2 5 5
5432.9 -9817.9 -19.5 187 0 15.7 25.3 14.0 3.5 4 1 4 1 1
5384.7 1035.8 1.8 91 0 11.7 26.5 7.5 2.5 2 1 3 1 1
5462.9 -7603.6 -14.7 181 0 59.3 32.7 14.0 0.0 0 0 4 1 1
6074.9 1230.8 0.0 360 0 68.9 24.6 15.0 0.0 0 0 6 4 4
5821.3 -8725.5 -17.3 180 0 22.3 13.1 17.5 3.5 2 0 5 5 5
5489.2 -8388.5 -16.4 294 0 15.0 17.6 17.5 3.5 2 1 5 2 2
5432.8 -9951.5 -19.7 270 0 15.8 27.4 17.5 3.5 2 1 5 5 5
6106.8 -8714.1 -17.5 270 0 21.6 13.1 14.0 3.5 2 0 4 2 2
5856.1 -8682.3 -17.2 91 0 22.5 30.7 14.0 3.5 4 1 4 5 5
-3639.7 -10119.3 -15.6 360 0 18.7 12.6 7.5 2.5 2 0 3 1 1
5892.5 -8709.1 -17.3 270 0 10.6 30.3 17.5 0.0 0 1 5 5 5
6686.1 -8600.8 -19.3 1 0 9.4 24.2 10.5 3.5 2 1 3 5 5
4505.3 2656.6 7.2 90 0 19.1 11.8 3.5 2.5 2 0 1 1 1
5764.5 -8673.8 -17.1 1 0 31.0 7.4 10.5 3.5 2 0 3 4 4
5779.8 1001.5 0.7 270 0 7.9 19.8 10.5 0.0 0 1 3 4 4
5711.8 -8507.4 -16.8 24 0 9.0 21.0 10.5 3.5 4 0 3 5 5
5930.6 -8610.4 -17.2 271 0 10.2 9.3 10.5 0.0 0 0 3 5 5
5693.5 -8750.3 -17.6 270 0 16.0 31.4 14.0 3.5 2 1 4 2 2
5954.4 -8676.5 -17.3 91 0 15.6 24.3 21.0 0.0 0 0 6 5 5
6080.7 -7797.0 -16.1 180 0 14.5 13.8 17.5 3.5 2 0 5 0 0
345.4 -3397.4 -13.2 1 0 28.4 24.2 10.0 2.5 2 0 4 2 2
5154.6 1061.6 2.7 180 0 16.3 10.8 10.5 2.5 2 0 3 4 4
5466.3 1048.5 1.6 360 0 19.8 10.9 10.5 2.5 2 0 3 3 3
5928.7 1052.7 0.4 360 0 6.2 26.3 3.5 2.5 4 1 1 4 4
6121.5 -8152.0 -16.8 270 0 18.7 10.2 14.0 3.5 2 0 4 4 4
5573.4 965.8 1.4 90 0 18.1 38.9 7.5 2.5 2 0 3 5 5
5636.3 -8661.1 -17.0 24 0 11.9 18.4 17.5 3.5 2 0 5 5 5
5785.4 -8644.3 -17.1 91 0 33.8 6.8 10.5 3.5 2 0 3 3 3
5325.1 -8770.9 -16.8 24 0 16.6 26.4 14.0 0.0 0 1 4 5 5
5483.4 -8419.2 -16.5 24 0 11.0 14.5 17.5 3.5 2 1 5 5 5
5482.6 770.9 1.1 90 0 9.7 38.4 7.5 2.5 2 1 3 4 4
6923.7 950.7 -2.5 360 0 19.7 14.1 7.5 0.0 0 0 3 2 2
5792.2 -8843.0 -17.4 360 0 7.0 9.1 10.5 0.0 0 1 3 3 3
5551.2 -8693.6 -17.0 294 0 11.9 20.8 14.0 3.5 2 1 4 0 0
6909.5 -8541.5 -20.0 360 0 29.6 25.3 17.5 0.0 0 0 5 4 4
6727.7 875.8 -2.1 90 0 30.7 99.5 12.5 0.0 0 1 5 0 0
5666.0 -8995.9 -17.7 44 1 14.6 13.4 17.5 3.5 4 0 5 0 0
6128.4 -7789.6 -16.3 270 0 13.6 14.5 17.5 0.0 0 0 5 3 3
-1201.0 -6698.8 -5.2 1 0 28.4 15.1 10.0 2.5 2 0 4 1 1
-1418.0 -6433.3 -4.8 1 0 21.4 21.6 10.0 2.5 2 1 4 0 0
-1351.5 -6560.0 -5.1 39 0 67.5 22.4 7.5 0.0 0 0 3 5 5
-1474.1 -6574.5 -5.2 269 0 16.7 21.4 7.5 2.5 2 1 3 0 0
-1534.2 -6573.9 -5.2 267 0 17.1 18.6 7.5 2.5 4 1 3 1 1
-1576.3 -6831.3 -6.0 1 0 12.0 17.3 10.0 2.5 2 1 4 2 2
-1568.5 -6573.1 -5.2 272 0 15.3 21.9 7.5 2.5 2 1 3 1 1
-1571.4 -6687.4 -5.5 217 0 23.9 20.5 10.0 2.5 2 0 4 2 2
-1606.4 -6859.4 -6.1 1 0 12.5 14.5 2.5 2.5 2 1 1 5 5
-1637.8 -6770.9 -5.8 271 0 28.9 15.1 10.0 2.5 2 0 4 2 2
-1690.6 -6971.8 -6.6 360 0 12.5 31.2 10.0 2.5 4 1 4 1 1
-1669.9 -6862.1 -6.2 1 0 14.9 19.6 12.5 2.5 2 1 5 0 0
-1861.5 -7002.2 -6.7 270 0 7.8 20.0 10.5 2.5 2 1 3 5 5
-3675.8 -10105.6 -15.6 270 0 7.4 18.7 7.5 2.5 2 1 3 2 2
-4012.6 -10087.7 -15.2 180 0 24.7 41.3 7.5 0.0 0 1 3 1 1
-4065.3 -849.1 11.7 91 0 24.3 48.8 7.5 2.5 2 1 3 4 4
6492.0 -8760.9 -19.2 90 0 13.8 18.7 17.5 3.5 2 1 5 0 0
5679.1 -8671.8 -17.0 180 0 13.9 24.8 17.5 3.5 2 1 5 2 2
5793.5 -8386.1 -16.7 115 0 12.5 8.4 10.5 0.0 0 0 3 3 3
5792.4 -8316.1 -16.6 20 0 10.6 12.0 17.5 3.5 2 1 5 0 0
6155.3 -8207.7 -17.0 180 0 4.1 6.6 10.5 0.0 0 1 3 4 4
6155.7 -8199.1 -17.0 180 0 11.0 5.4 10.5 3.5 2 0 3 5 5
6197.3 -8066.7 -16.8 271 0 4.3 13.1 10.5 3.5 2 0 3 5 5
6201.1 -8067.4 -16.8 251 0 7.3 10.2 10.5 3.5 2 1 3 4 4
6283.4 -8061.7 -16.9 271 0 5.6 7.8 10.5 3.5 2 0 3 1 1
6315.0 -8060.0 -17.0 180 0 3.9 11.1 10.5 0.0 0 0 3 5 5
6282.7 -8058.3 -16.9 1 0 6.7 10.0 10.5 3.5 2 0 3 5 5
6156.4 -8048.8 -16.6 181 0 7.2 8.0 10.5 3.5 2 0 3 4 4
6274.3 -8049.3 -16.9 323 0 7.9 9.9 10.5 3.5 2 0 3 3 3
6316.2 -8044.7 -17.0 180 0 4.0 11.4 10.5 0.0 0 0 3 1 1
6217.5 -8037.6 -16.7 180 0 7.0 8.1 10.5 0.0 0 0 3 4 4
6320.9 -8038.1 -17.0 180 0 3.6 10.5 10.5 3.5 2 0 3 5 5
6173.4 -8036.8 -16.6 1 0 4.2 11.7 10.5 0.0 0 0 3 2 2
6322.2 -8035.4 -16.9 179 0 7.6 7.9 10.5 3.5 2 0 3 5 5
6321.1 -8023.1 -16.9 168 0 10.1 9.3 10.5 3.5 4 0 3 5 5
6206.8 -8010.1 -16.7 180 0 7.3 10.3 10.5 3.5 2 0 3 0 0
6292.0 -8014.5 -16.8 90 0 7.6 8.3 10.5 3.5 2 0 3 3 3
6278.9 -7967.9 -16.7 270 0 3.6 12.1 10.5 3.5 2 0 3 3 3
6177.3 -7978.5 -16.5 360 0 7.4 11.5 10.5 0.0 0 0 3 3 3
6294.1 -7973.3 -16.8 270 0 4.0 12.1 10.5 0.0 0 0 3 5 5
6301.6 -7971.9 -16.8 270 0 3.8 10.1 10.5 3.5 2 0 3 2 2
6171.7 -7951.0 -16.3 0 0 7.0 8.2 10.5 3.5 2 0 3 4 4
6226.7 -7949.3 -16.6 210 0 8.2 12.2 10.5 3.5 2 0 3 0 0
6321.7 -7947.0 -16.7 181 0 4.0 11.5 10.5 3.5 2 0 3 0 0
6270.2 -7951.4 -16.7 0 0 7.1 10.7 10.5 0.0 0 0 3 5 5
6322.4 -7941.0 -16.7 181 0 6.1 8.3 10.5 3.5 4 0 3 2 2
6125.8 -7937.2 -16.2 359 0 10.1 10.8 17.5 0.0 0 1 5 1 1
6265.4 -7933.1 -16.6 17 0 6.2 9.0 10.5 0.0 0 0 3 4 4
6270.9 -7923.9 -16.6 0 0 6.8 7.6 10.5 3.5 2 0 3 3 3
6202.8 -7922.3 -16.4 90 0 3.8 10.7 10.5 3.5 2 0 3 1 1
6211.8 -7921.2 -16.4 90 0 7.0 7.9 10.5 3.5 2 0 3 5 5
6224.6 -7912.3 -16.5 271 0 7.3 11.5 10.5 0.0 0 0 3 5 5
6118.2 -7789.7 -16.3 270 0 6.8 14.5 10.5 3.5 2 0 3 5 5
6920.0 4086.7 0.5 90 0 16.1 9.0 5.0 2.5 2 0 2 5 5
5695.0 -8740.0 -17.4 90 0 15.5 32.8 21.0 0.0 0 1 6 2 2
5768.1 -8610.8 -17.0 181 0 13.0 9.7 10.5 3.5 2 0 3 4 4
2952.9 2732.8 10.2 271 0 14.3 9.8 2.5 2.5 2 0 1 4 4
4515.6 2698.2 7.2 0 0 4.5 8.8 7.0 2.5 2 1 2 5 5
4489.8 2716.2 7.2 270 0 6.6 17.0 7.0 2.5 2 1 2 4 4
6761.4 946.7 -2.1 180 0 49.2 15.2 7.5 2.5 2 0 3 1 1
6679.5 865.1 -2.0 270 0 25.1 38.9 10.0 0.0 0 1 4 5 5
6366.6 46.0 -2.0 360 0 18.8 11.9 10.5 2.5 2 0 3 1 1
6177.4 1612.1 1.8 39 0 13.0 8.5 7.5 2.5 4 0 3 2 2
6143.6 1591.9 1.6 129 0 10.4 13.6 5.0 2.5 2 1 2 3 3
4742.5 -8196.2 -15.5 279 0 4.0 8.9 10.5 3.5 2 1 3 1 1
5851.4 964.6 0.2 360 0 15.8 8.4 5.0 2.5 2 0 2 5 5
5851.4 946.6 0.2 360 0 15.8 8.4 2.5 2.5 4 0 1 0 0
5851.4 926.2 0.1 360 0 15.8 8.4 5.0 2.5 2 0 2 1 1
5851.4 906.4 0.1 360 0 15.8 8.4 2.5 2.5 2 0 1 1 1
5851.5 886.2 0.2 360 0 17.4 8.4 2.5 2.5 4 0 1 5 5
5849.1 991.7 0.7 360 0 12.9 8.0 5.0 2.5 2 0 2 4 4
5450.1 1073.8 1.6 270 0 8.9 7.2 7.5 2.5 2 0 3 0 0
5422.0 965.3 1.5 90 0 13.1 10.1 7.0 0.0 0 0 2 3 3
5463.1 1072.1 1.6 271 0 9.3 10.3 5.0 0.0 0 1 2 0 0
5138.6 1074.1 2.8 180 0 8.3 9.4 7.0 2.5 2 1 2 3 3
5350.5 1161.7 2.1 180 0 17.0 9.1 3.5 2.5 2 0 1 2 2
5264.5 884.5 2.0 180 0 11.8 24.1 10.0 2.5 2 1 4 4 4
5261.5 1047.5 2.3 91 0 9.5 7.9 10.5 2.5 2 0 3 2 2
5257.9 1070.7 2.4 271 0 9.1 8.2 7.0 2.5 4 0 2 1 1
6447.9 892.9 -0.6 360 0 15.8 20.4 5.0 0.0 0 1 2 1 1
6447.9 856.4 -0.7 360 0 15.8 20.4 5.0 2.5 2 1 2 4 4
6447.9 837.8 -0.8 360 0 15.8 20.4 10.0 2.5 2 1 4 2 2
6448.0 819.5 -1.0 360 0 15.8 20.4 10.0 2.5 2 1 4 0 0
5114.1 1383.7 3.3 270 0 10.0 19.0 5.0 2.5 2 1 2 2 2
5094.0 1413.8 3.4 270 0 10.4 22.0 5.0 2.5 4 1 2 3 3
5974.9 -8078.9 -16.3 91 0 8.9 16.3 10.5 3.5 4 1 3 5 5
5296.1 532.3 1.2 28 0 27.4 19.0 7.5 2.5 2 0 3 1 1
5992.6 -8725.8 -17.4 360 0 15.7 8.1 10.5 3.5 2 0 3 0 0
4436.5 2676.2 7.3 271 0 7.2 15.5 5.0 2.5 2 1 2 1 1
5352.8 -8151.9 -15.3 180 0 44.2 8.6 10.5 0.0 0 0 3 2 2
6022.4 -8071.5 -16.4 2 0 10.8 13.5 17.5 3.5 2 1 5 4 4
6036.4 -7898.3 -15.4 271 0 7.3 28.5 10.5 3.5 2 1 3 0 0
-4312.4 -888.2 13.1 272 0 70.5 59.7 10.0 0.0 0 0 4 5 5
6078.7 -8074.3 -16.5 91 0 10.1 16.5 17.5 3.5 2 1 5 4 4
5703.0 -8527.3 -16.8 24 0 13.2 20.8 17.5 3.5 2 0 5 5 5
2938.5 2699.2 10.2 179 0 13.2 9.9 7.5 2.5 2 0 3 2 2
1782.2 -3806.8 0.5 0 0 7.4 16.9 7.5 2.5 2 1 3 3 3
1777.5 -3569.0 -3.4 308 0 9.5 11.0 7.5 2.5 4 1 3 4 4
5512.5 -9881.5 -20.2 360 0 20.7 20.5 17.5 3.5 4 0 5 4 4
5481.5 2535.3 3.4 180 0 10.8 26.4 10.0 2.5 2 1 4 2 2
4753.3 -10092.1 -18.4 230 0 14.9 14.6 17.5 3.5 4 0 5 0 0
5659.6 -8734.3 -17.2 91 0 5.4 27.5 10.5 0.0 0 1 3 5 5
5308.3 1007.2 2.1 271 0 4.8 14.9 5.0 2.5 4 1 2 2 2
5672.3 -8989.4 -17.6 44 0 3.6 5.9 10.5 3.5 2 0 3 4 4
5235.8 -8444.1 -15.7 204 0 23.9 11.2 17.5 3.5 2 0 5 1 1
5380.1 -8513.7 -16.5 202 0 12.7 14.7 17.5 0.0 0 0 5 1 1
6158.0 1643.7 1.8 183 0 11.8 13.9 7.5 2.5 2 1 3 4 4
5254.7 -8225.9 -15.4 295 0 3.9 6.5 10.5 3.5 4 1 3 0 0
5674.6 -8986.9 -17.6 44 0 3.1 5.3 10.5 3.5 2 0 3 4 4
5653.8 -8706.9 -17.1 270 0 5.9 14.5 10.5 0.0 0 0 3 1 1
5672.7 -8614.9 -16.9 23 0 56.2 31.8 17.5 0.0 0 0 5 3 3
6836.2 -8648.5 -20.1 90 0 17.7 14.9 17.5 0.0 0 0 5 4 4
5209.7 1007.3 2.4 270 0 7.4 20.5 7.5 2.5 2 1 3 4 4
5701.5 -9992.5 -20.9 359 0 24.7 22.4 17.5 3.5 2 0 5 3 3
6097.8 -7789.7 -16.1 270 0 6.8 14.5 10.5 3.5 2 0 3 0 0
6103.8 -8152.2 -16.8 270 0 14.1 9.9 10.5 0.0 0 0 3 2 2
6404.9 -8740.6 -19.0 1 0 28.3 28.4 17.5 0.0 0 1 5 1 1
5826.1 -8636.9 -17.1 179 0 22.2 16.2 14.0 3.5 2 0 4 1 1
4892.6 -9962.5 -18.7 229 0 9.2 12.5 10.5 0.0 0 1 3 5 5
6912.1 -8484.2 -19.9 360 0 18.0 7.5 10.5 3.5 2 0 3 2 2
5857.1 1052.2 0.6 3 0 9.6 9.0 5.0 2.5 2 0 2 2 2
5293.0 -8551.5 -16.5 294 0 72.4 31.0 17.5 0.0 0 0 5 2 2
6123.0 -7835.9 -16.1 354 0 21.0 24.0 17.5 3.5 2 1 5 2 2
5996.0 -8663.9 -17.3 1 0 6.9 21.0 10.5 0.0 0 1 3 1 1
5764.7 1068.5 1.0 360 0 9.0 17.9 10.5 0.0 0 1 3 4 4
5819.3 1051.5 0.7 185 0 7.4 25.4 7.0 2.5 2 1 2 4 4
5517.6 -8742.7 -17.1 204 0 59.7 16.6 14.0 3.5 4 0 4 3 3
5353.6 981.8 1.8 90 0 14.1 21.8 10.0 2.5 2 1 4 4 4
5693.5 -8548.7 -16.9 24 0 11.4 17.5 17.5 3.5 4 0 5 5 5
5538.7 1035.4 1.6 90 0 14.1 15.4 10.5 2.5 4 1 3 0 0
5541.9 1069.9 1.9 270 0 6.1 10.0 10.5 2.5 2 1 3 0 0
5688.9 -8559.2 -16.9 24 0 11.4 17.5 17.5 3.5 4 0 5 5 5
5332.7 -8650.5 -16.7 114 0 16.4 12.6 14.0 3.5 2 0 4 2 2
5379.3 -8555.0 -16.6 294 0 12.8 22.7 14.0 3.5 2 1 4 3 3
5403.1 1004.1 1.7 270 0 7.6 17.8 7.0 2.5 2 1 2 1 1
5436.9 1070.1 1.6 270 0 5.1 36.2 2.5 2.5 2 1 1 5 5
5656.7 -9993.0 -21.0 179 0 24.7 22.4 17.5 3.5 2 0 5 4 4
5643.2 -8645.3 -16.9 24 0 22.5 18.2 17.5 3.5 2 0 5 4 4
5256.8 -8230.5 -15.4 115 0 3.9 3.3 10.5 3.5 2 0 3 1 1
5672.4 -8995.4 -17.6 44 0 4.9 4.3 10.5 3.5 4 0 3 0 0
4751.6 -8203.5 -15.5 9 0 5.9 8.1 10.5 3.5 4 0 3 5 5
5985.2 -8583.8 -17.2 91 0 16.3 10.0 10.5 3.5 2 0 3 2 2
6469.5 -8632.6 -18.9 271 0 25.3 40.7 17.5 0.0 0 1 5 3 3
6882.8 -8541.9 -19.9 360 0 18.2 24.6 17.5 3.5 2 1 5 0 0
5379.9 -7597.2 -14.1 271 0 12.7 42.2 17.5 3.5 2 1 5 3 3
5856.0 -8578.3 -17.0 1 0 43.0 29.9 14.0 0.0 0 0 4 2 2
5667.3 -8706.8 -17.1 270 0 8.5 19.9 10.5 0.0 0 1 3 4 4
5680.9 -8707.2 -17.2 270 0 12.4 15.4 21.0 0.0 0 1 6 5 5
5409.5 -9836.3 -19.1 273 0 13.7 25.3 17.5 3.5 2 1 5 2 2
5370.2 620.6 1.2 38 0 8.7 26.4 7.5 2.5 2 1 3 0 0
5298.6 3479.4 5.6 90 0 6.3 7.3 5.0 2.5 2 1 2 4 4
6108.0 -7789.7 -16.2 270 0 13.6 14.5 17.5 3.5 2 0 5 2 2
5948.5 -8583.3 -17.1 91 0 16.0 29.5 17.5 3.5 4 1 5 4 4
5736.6 -8686.6 -17.1 91 0 7.5 17.6 10.5 3.5 2 0 3 4 4
5235.1 1037.7 2.4 90 0 6.6 10.4 7.5 2.5 2 1 3 3 3
5395.7 -9806.5 -18.9 192 0 14.8 12.8 14.0 3.5 2 0 4 3 3
6843.5 918.9 -2.3 180 0 60.6 16.9 10.0 2.5 4 0 4 0 0
5674.5 -8991.5 -17.6 44 0 3.6 3.1 10.5 3.5 2 0 3 2 2
5659.6 -9002.4 -17.6 45 0 3.6 5.4 10.5 3.5 2 0 3 5 5
6899.6 -8502.6 -19.9 360 0 6.1 17.8 10.5 3.5 4 1 3 1 1
5257.9 -8232.8 -15.4 25 0 3.3 3.9 10.5 3.5 2 0 3 2 2
5416.3 -9748.9 -19.0 187 0 13.3 16.5 17.5 3.5 2 1 5 4 4
5921.0 -8627.4 -17.2 181 0 8.4 18.1 10.5 0.0 0 1 3 0 0
5316.4 1072.3 2.1 270 0 11.6 13.2 10.5 2.5 2 1 3 0 0
5423.6 1004.0 1.6 270 0 10.0 16.8 10.5 2.5 2 1 3 1 1
6520.0 -8582.9 -18.9 1 0 16.2 11.7 17.5 3.5 2 0 5 4 4
6656.4 974.0 -1.1 270 0 11.9 41.2 5.0 2.5 2 1 2 4 4
6629.8 974.4 -1.0 270 0 6.3 31.5 7.5 2.5 2 1 3 0 0
6013.0 1045.0 -0.3 359 0 25.3 24.2 7.5 0.0 0 0 3 5 5
5747.4 -8616.5 -17.0 1 0 18.3 20.0 14.0 3.5 2 1 4 0 0
5932.0 -8711.0 -17.3 270 0 7.5 22.5 10.5 3.5 4 1 3 1 1
-1671.2 -6765.2 -5.9 271 0 11.1 31.5 7.5 2.5 2 1 3 5 5
5569.3 -8630.4 -16.9 204 0 41.8 20.1 17.5 3.5 2 0 5 5 5
5226.3 -8522.4 -15.9 24 0 29.4 6.5 10.5 3.5 2 0 3 1 1
5413.8 -7219.6 -14.0 180 0 17.5 13.8 17.5 3.5 4 0 5 5 5
6607.5 -7281.8 -16.2 145 0 15.5 19.2 17.5 3.5 2 1 5 3 3
5733.0 1056.4 1.2 0 0 7.5 24.2 3.5 2.5 2 1 1 0 0
5610.6 988.3 1.7 180 0 16.4 21.7 7.5 2.5 2 1 3 1 1
5573.4 1072.6 1.9 270 0 22.8 23.2 7.5 2.5 4 1 3 4 4
5729.1 -8686.5 -17.1 91 0 7.5 17.6 10.5 3.5 2 0 3 5 5
6059.3 1148.6 -0.1 360 0 39.1 35.5 10.0 0.0 0 0 4 5 5
5411.0 971.2 1.6 90 0 7.1 32.8 5.0 2.5 4 1 2 3 3
6054.6 1063.0 -0.4 180 0 50.7 19.1 10.0 2.5 4 0 4 5 5
6014.9 1103.0 -0.1 360 0 22.7 22.8 7.5 2.5 2 1 3 0 0
5244.8 1072.0 2.4 270 0 15.3 11.3 7.0 2.5 2 0 2 5 5
5045.6 1071.9 3.0 270 0 15.3 22.6 12.5 2.5 2 1 5 5 5
5449.6 1004.0 1.5 270 0 6.1 21.7 7.0 2.5 2 1 2 1 1
5764.6 1079.1 1.0 90 0 13.8 25.6 10.0 2.5 2 1 4 0 0
5550.4 970.4 1.3 90 0 12.2 7.0 3.5 2.5 2 0 1 3 3
6443.2 991.5 -0.9 270 0 12.3 30.0 7.5 2.5 2 1 3 5 5
5204.0 1297.9 2.8 90 0 8.3 22.0 5.0 0.0 0 1 2 2 2
5181.0 1297.3 2.9 90 0 12.2 19.4 2.5 0.0 0 1 1 0 0
4949.4 -8237.0 -14.9 180 0 13.0 25.2 14.0 0.0 0 1 4 0 0
5344.3 -7460.2 -13.9 180 0 10.7 14.0 20.0 0.0 0 1 5 0 0
4601.1 -8099.1 -14.8 360 0 14.2 16.8 14.0 0.0 0 1 4 0 0
4543.1 -8080.4 -14.7 90 0 15.7 32.2 14.0 0.0 0 0 4 1 1
4601.0 -8065.9 -14.7 360 0 17.1 16.8 14.0 0.0 0 0 4 2 2
4592.6 -8010.3 -14.6 270 0 16.8 32.1 14.0 0.0 0 0 4 4 4
5465.7 1793.7 2.6 180 0 18.8 19.6 12.5 2.5 2 1 5 0 0
5406.1 1754.6 2.9 277 0 11.8 20.9 7.5 2.5 2 1 3 4 4
4692.2 -8167.0 -15.4 180 1 14.8 13.3 14.0 3.5 2 0 4 1 1
4730.1 -8174.6 -15.4 360 0 15.5 17.7 14.0 3.5 2 1 4 2 2
5219.8 -8221.0 -15.4 204 0 18.7 12.2 14.0 0.0 0 0 4 3 3
-1923.5 -6732.8 -5.9 90 0 13.3 5.5 10.5 2.5 2 0 3 3 3
5698.1 -8538.5 -16.8 24 0 11.1 17.5 17.5 3.5 4 0 5 3 3
5038.2 -8185.2 -15.1 270 0 14.4 46.8 14.0 3.5 2 1 4 5 5
5063.6 1118.1 3.3 15 0 26.7 8.4 5.0 2.5 2 0 2 3 3
4470.7 2725.8 7.2 0 0 5.2 9.3 7.5 0.0 0 1 3 3 3
6497.5 -8593.0 -18.8 91 1 17.8 10.6 17.5 3.5 2 0 5 2 2
5088.2 1381.2 3.4 360 0 20.6 6.0 5.0 0.0 0 0 2 0 0
5937.2 -9056.1 -18.5 270 0 12.0 55.2 17.5 3.5 4 1 5 3 3
6252.3 932.4 -0.6 180 0 38.6 9.1 7.5 2.5 2 0 3 5 5
6549.1 895.5 -1.0 180 0 22.3 12.2 10.0 2.5 2 0 4 0 0
5086.1 1172.2 3.2 28 0 15.8 10.1 5.0 2.5 2 0 2 4 4
-1419.8 -6335.5 -4.4 180 0 20.5 49.3 7.5 2.5 4 1 3 0 0
6479.9 -8569.3 -18.7 271 0 15.1 23.4 17.5 3.5 2 1 5 5 5
5553.8 1037.3 1.8 90 0 11.0 11.8 7.0 2.5 2 1 2 5 5
5323.6 1257.2 2.3 360 0 16.8 8.7 2.5 2.5 2 0 1 4 4
-1141.2 -6930.0 -6.3 91 0 17.6 38.1 7.5 2.5 2 1 3 0 0
6187.8 996.2 -0.6 270 0 12.4 27.9 5.0 2.5 2 1 2 5 5
5133.3 -3739.7 -6.7 91 0 25.5 28.7 7.5 0.0 0 1 3 4 4
6301.3 464.2 -1.4 90 0 15.2 14.4 7.5 2.5 2 0 3 0 0
5583.3 1402.0 1.9 270 0 9.2 76.6 7.5 2.5 2 1 3 5 5
5214.6 1265.7 2.8 270 0 8.7 16.8 5.0 2.5 2 1 2 0 0
5108.0 1173.9 3.1 208 0 53.3 10.2 7.5 2.5 2 0 3 2 2
5739.9 1118.8 1.1 270 0 7.8 10.4 10.5 2.5 2 1 3 4 4
6595.1 -8767.0 -19.3 92 0 7.0 29.7 10.5 3.5 2 1 3 0 0
1797.8 -3646.4 -2.0 218 0 15.4 14.6 10.0 2.5 2 0 4 2 2
6915.5 -8250.8 -19.6 91 0 11.2 27.0 14.0 3.5 2 1 4 5 5
5995.3 -8106.8 -16.4 270 0 7.1 15.9 10.5 0.0 0 1 3 2 2
6040.0 -8000.3 -16.0 1 0 10.3 47.1 17.5 3.5 2 1 5 4 4
1782.1 -3718.1 -1.4 38 0 21.9 29.3 10.0 0.0 0 1 4 0 0
6304.8 503.2 -1.4 360 0 7.6 10.2 5.0 2.5 2 1 2 2 2
4892.9 554.7 2.4 91 0 24.0 9.4 2.5 2.5 2 0 1 3 3
5746.8 -9106.9 -17.9 180 0 28.6 14.1 17.5 3.5 2 0 5 3 3
5971.8 1233.8 0.2 215 0 7.3 55.7 7.5 0.0 0 1 3 3 3
5985.5 1480.6 0.9 180 0 8.9 17.6 5.0 2.5 4 1 2 5 5
5190.3 1267.1 2.8 270 0 32.3 8.2 7.5 2.5 4 0 3 0 0
6153.1 -8272.3 -17.2 181 0 8.0 20.0 10.5 3.5 2 1 3 3 3
6019.8 -8019.1 -15.9 1 0 16.3 9.4 10.5 3.5 2 0 3 1 1
5853.6 -9234.9 -18.9 270 0 11.1 24.4 17.5 3.5 2 1 5 4 4
5950.0 1198.1 0.2 218 0 7.0 48.7 7.5 2.5 2 1 3 1 1
6266.3 576.9 -1.2 180 0 14.9 23.0 7.5 2.5 2 1 3 1 1
5433.4 1004.0 1.6 270 0 7.5 12.6 7.0 2.5 2 1 2 5 5
6028.5 1274.6 0.3 36 0 6.5 19.5 8.0 0.0 0 1 2 3 3
6103.4 -8115.3 -16.7 90 1 14.1 11.0 14.0 0.0 0 0 4 4 4
5939.5 1121.2 0.2 37 0 6.1 37.5 8.0 0.0 0 1 2 2 2
5983.4 -10184.7 -21.6 135 0 44.1 30.0 14.0 0.0 0 0 4 5 5
6223.7 5803.6 0.6 21 0 91.7 18.2 10.0 0.0 0 0 4 1 1
4995.3 1382.9 4.0 90 0 7.6 17.2 5.0 2.5 2 1 2 2 2
6005.3 -8226.5 -16.7 360 0 19.0 16.0 14.0 3.5 2 0 4 5 5
-1886.8 -6698.0 -5.8 359 0 47.4 13.3 10.0 0.0 0 0 4 5 5
6657.6 -8545.3 -19.2 181 0 27.5 6.3 10.5 3.5 4 0 3 5 5
5950.1 -10215.7 -21.8 180 0 14.9 45.2 14.0 0.0 0 1 4 2 2
6285.6 -8205.1 -17.3 181 0 41.7 23.0 17.5 0.0 0 0 5 0 0
4932.8 -8252.3 -15.2 90 0 14.8 84.3 14.0 0.0 0 1 4 4 4
6477.4 871.9 -0.8 180 0 15.8 20.4 7.5 2.5 2 1 3 4 4
5036.4 1104.1 3.1 180 0 57.8 9.7 7.5 2.5 2 0 3 1 1
4452.2 2672.9 7.3 183 0 5.1 10.1 7.5 2.5 2 1 3 0 0
5193.9 725.7 1.9 90 0 47.6 13.3 10.0 2.5 2 0 4 0 0
6007.7 -8204.6 -16.7 3 1 14.3 17.5 14.0 3.5 4 1 4 0 0
6384.4 422.2 -1.7 316 0 13.7 38.2 10.0 2.5 4 1 4 4 4
5022.2 1414.4 3.8 270 0 28.0 8.2 2.5 2.5 2 0 1 4 4
-3954.3 -9984.0 -14.8 217 0 70.0 25.7 7.5 0.0 0 0 3 3 3
6477.4 909.1 -0.7 180 0 15.8 20.4 7.5 2.5 2 1 3 4 4
5131.9 1092.8 2.9 360 0 10.2 36.4 7.5 2.5 2 1 3 4 4
5161.5 754.6 1.9 270 0 12.5 22.9 10.0 2.5 4 1 4 0 0
-1296.0 -6281.2 -4.4 1 0 24.5 64.1 7.5 2.5 2 1 3 2 2
6050.1 -8214.3 -16.8 91 0 17.9 18.1 14.0 3.5 2 1 4 1 1
6772.4 -8600.5 -19.6 91 0 33.0 23.9 17.5 0.0 0 0 5 5 5
-1592.7 -6811.9 -5.9 360 0 13.4 18.8 10.0 2.5 2 1 4 5 5
5962.1 -9140.5 -18.8 90 0 11.9 21.7 17.5 3.5 2 1 5 5 5
6233.6 932.1 -0.6 180 0 27.3 7.6 5.0 2.5 2 0 2 2 2
5302.7 -3793.4 -7.5 91 0 63.8 93.6 15.0 0.0 0 1 6 1 1
5403.9 -9886.9 -19.0 94 0 7.9 16.4 10.5 3.5 2 1 3 3 3
6648.6 877.1 -1.8 360 0 21.2 13.0 10.0 2.5 2 0 4 5 5
-1297.2 -6328.6 -4.6 1 0 23.3 64.8 10.0 2.5 2 1 4 4 4
5111.1 1077.8 3.1 360 0 9.8 22.3 2.5 0.0 0 1 1 1 1
5246.9 1265.7 2.5 270 0 8.7 16.8 5.0 2.5 2 1 2 1 1
2990.9 -5732.3 -4.9 90 0 19.0 19.6 7.5 2.5 2 1 3 1 1
-1250.8 -6725.8 -5.2 91 0 12.7 26.4 7.5 2.5 2 1 3 1 1
6762.1 -8617.5 -19.5 90 0 11.5 7.8 10.5 3.5 2 0 3 4 4
6304.8 519.8 -1.4 360 0 16.6 10.9 10.0 2.5 2 0 4 2 2
5985.6 1434.9 0.7 180 0 8.9 17.6 5.0 2.5 2 1 2 1 1
4870.7 611.4 2.4 271 0 11.5 59.3 7.5 2.5 2 1 3 0 0
5914.7 -9154.5 -18.7 90 0 17.0 14.8 17.5 3.5 4 0 5 1 1
5968.1 1450.1 0.7 360 0 8.9 17.6 5.0 2.5 4 1 2 5 5
5227.4 1265.7 2.6 270 0 8.7 16.8 5.0 2.5 2 1 2 4 4
-1455.7 -6370.1 -4.6 181 0 31.0 25.4 10.0 0.0 0 0 4 0 0
5938.9 -8120.8 -16.3 180 0 12.8 9.6 10.5 3.5 2 0 3 4 4
6731.7 -8622.4 -19.4 90 0 7.6 14.3 10.5 3.5 2 1 3 3 3
5255.0 677.6 1.6 91 0 12.7 79.8 12.5 2.5 2 1 5 5 5
5853.9 -9294.3 -19.0 90 0 12.3 31.3 17.5 3.5 2 1 5 4 4
6029.4 1225.7 0.2 35 0 6.1 50.2 7.5 2.5 4 1 3 0 0
5968.1 1434.8 0.7 360 0 8.9 17.6 5.0 0.0 0 1 2 2 2
6222.5 592.2 -1.1 360 0 13.5 7.3 5.0 2.5 2 0 2 5 5
5433.4 965.9 1.5 90 0 8.0 9.4 7.0 0.0 0 1 2 0 0
6026.9 1259.5 0.3 35 0 7.5 27.7 8.0 2.5 2 1 2 2 2
5125.6 1296.7 3.2 90 0 14.3 15.2 5.0 2.5 4 1 2 0 0
6118.7 -8104.3 -16.7 270 1 14.1 11.0 14.0 3.5 2 0 4 1 1
6813.3 -8617.7 -19.7 90 0 24.3 53.1 17.5 3.5 2 1 5 5 5
6365.8 -8206.9 -17.5 1 0 32.1 24.2 17.5 0.0 0 0 5 4 4
5910.5 1167.6 0.5 218 0 45.5 6.8 7.5 2.5 2 0 3 3 3
6828.9 865.8 -2.4 360 0 88.4 16.2 7.5 2.5 4 0 3 2 2
5817.4 -9207.4 -18.6 270 0 16.7 8.3 10.5 3.5 2 0 3 2 2
5462.2 962.8 1.4 90 0 11.4 41.1 10.0 2.5 2 1 4 1 1
5648.9 1343.2 1.6 270 0 12.9 22.1 10.0 2.5 2 1 4 5 5
6777.0 868.1 -2.2 360 0 75.0 15.8 12.5 2.5 2 0 5 5 5
6035.4 -8154.6 -16.6 360 0 14.5 7.5 10.5 3.5 2 0 3 1 1
4983.9 1370.6 3.9 270 0 8.8 24.1 5.0 2.5 2 1 2 0 0
6078.5 -8113.4 -16.6 180 0 22.0 9.6 10.5 0.0 0 0 3 2 2
6808.3 955.7 -2.2 180 0 43.4 6.5 7.5 2.5 2 0 3 4 4
6024.1 -10135.7 -21.5 360 0 14.5 34.5 14.0 3.5 2 1 4 0 0
-1591.1 -6732.0 -5.7 125 0 15.2 21.7 7.5 2.5 2 1 3 1 1
6383.4 -8278.9 -17.7 1 0 14.8 13.8 17.5 3.5 2 0 5 2 2
6447.8 929.4 -0.3 360 0 15.8 20.4 7.5 2.5 2 1 3 3 3
5037.0 1142.2 3.4 180 0 9.7 28.3 7.5 2.5 2 1 3 3 3
6580.1 -8744.7 -19.3 360 0 31.7 7.7 10.5 3.5 2 0 3 2 2
6005.6 -8270.4 -16.8 1 1 14.3 17.5 14.0 3.5 4 1 4 4 4
6340.0 378.6 -1.6 136 0 7.1 13.7 5.0 2.5 2 1 2 5 5
5046.0 1332.7 3.6 90 0 27.0 10.6 7.5 2.5 2 0 3 2 2
6687.3 -8617.1 -19.3 1 0 6.4 14.4 10.5 3.5 2 1 3 5 5
6447.8 947.7 -0.3 360 0 15.8 20.4 7.5 2.5 2 1 3 4 4
5090.3 1214.4 3.3 90 0 43.6 10.0 12.5 2.5 4 0 5 1 1
6497.8 -8568.6 -18.8 271 1 17.8 10.6 17.5 3.5 2 0 5 4 4
5825.7 1888.6 2.0 270 0 6.5 12.6 5.0 2.5 2 1 2 4 4
5127.7 1355.0 3.2 360 0 12.2 9.9 2.5 2.5 2 0 1 2 2
4569.3 -8084.1 -14.8 180 1 13.6 10.1 14.0 3.5 2 0 4 2 2
5961.8 -9028.2 -18.5 270 0 13.7 87.6 17.5 3.5 2 1 5 3 3
6222.1 964.6 -0.6 180 0 7.5 30.1 5.0 2.5 2 1 2 1 1
5200.4 -3738.6 -7.2 91 0 95.8 69.1 7.5 0.0 0 0 3 0 0
6597.1 973.8 -0.6 270 0 11.9 12.4 10.5 2.5 2 1 3 2 2
5051.1 1171.7 3.4 179 0 9.6 16.7 5.0 2.5 2 1 2 1 1
4977.6 1097.3 3.2 180 0 6.6 23.1 2.5 2.5 2 1 1 1 1
6744.0 -8671.4 -19.5 91 0 14.8 25.6 17.5 0.0 0 1 5 5 5
6423.8 -8568.5 -18.5 271 0 16.1 23.0 17.5 3.5 2 1 5 5 5
5307.6 1265.6 2.3 270 0 8.7 16.8 2.5 2.5 2 1 1 5 5
-1089.7 -6802.9 -5.3 91 0 18.2 16.0 15.0 0.0 0 0 6 3 3
6766.6 -8672.9 -19.8 91 0 12.8 45.3 17.5 3.5 2 1 5 2 2
5542.9 -9975.3 -20.8 90 0 36.7 12.9 17.5 0.0 0 0 5 2 2
1789.4 -3661.1 -1.8 218 0 10.6 11.8 10.5 2.5 2 1 3 1 1
6197.4 581.5 -1.1 270 0 14.4 51.4 10.0 2.5 2 1 4 5 5
5431.6 -9860.3 -19.4 183 0 27.2 12.8 17.5 3.5 4 0 5 5 5
4917.7 567.0 2.3 1 0 24.9 10.3 10.0 2.5 2 0 4 2 2
5496.4 1074.4 1.5 270 0 7.2 37.7 7.5 2.5 2 1 3 3 3
4500.6 2681.8 7.2 0 0 6.6 17.5 7.0 2.5 2 1 2 3 3
5348.4 755.4 1.5 179 0 8.8 16.7 7.5 2.5 2 1 3 3 3
4996.7 1322.9 3.8 270 0 28.6 10.8 10.0 2.5 2 0 4 2 2
4951.2 -8190.3 -14.9 180 0 22.4 22.8 14.0 3.5 2 1 4 2 2
5214.6 1228.5 2.7 90 0 8.7 16.8 5.0 2.5 2 1 2 3 3
-1459.0 -6272.1 -4.3 181 0 81.3 24.9 10.0 0.0 0 0 4 4 4
5104.1 1120.2 3.1 190 0 32.0 8.9 7.5 2.5 2 0 3 0 0
5259.7 1265.7 2.5 270 0 8.7 16.8 5.0 2.5 2 1 2 1 1
6154.2 -8235.4 -17.1 180 0 8.0 20.2 10.5 3.5 4 1 3 5 5
3120.6 -5684.3 -5.1 0 0 59.0 59.6 7.5 0.0 0 1 3 4 4
5960.1 -8111.2 -16.4 270 0 7.0 10.5 10.5 3.5 2 1 3 0 0
1777.0 -3677.2 -1.7 218 0 22.6 9.9 10.5 2.5 2 0 3 2 2
6187.0 506.4 -1.1 180 0 31.8 27.4 7.5 0.0 0 0 3 1 1
5911.0 -9239.1 -19.1 270 0 18.6 24.0 17.5 3.5 2 1 5 4 4
5519.5 1068.0 1.6 270 0 6.5 31.5 5.0 2.5 2 1 2 1 1
5979.0 1243.9 0.2 215 0 7.4 55.7 7.5 2.5 2 1 3 2 2
5968.0 1480.5 0.8 360 0 8.9 17.6 2.5 2.5 2 1 1 5 5
4774.9 -10127.8 -18.5 50 0 18.0 11.7 17.5 3.5 4 0 5 5 5
5449.2 964.8 1.5 90 0 6.8 15.8 10.5 2.5 2 1 3 0 0
6153.5 -8261.6 -17.1 181 0 8.0 19.8 10.5 3.5 2 1 3 5 5
6117.3 -7997.0 -16.4 1 0 8.8 21.4 10.5 3.5 2 1 3 0 0
6744.4 -8623.0 -19.4 90 0 10.9 11.4 17.5 3.5 2 1 5 0 0
5885.3 -9226.9 -18.9 270 0 24.0 17.7 17.5 3.5 2 0 5 4 4
5973.6 1128.0 0.1 38 0 6.3 60.7 7.5 0.0 0 1 3 5 5
6292.2 490.1 -1.4 360 0 9.7 6.6 7.5 2.5 4 0 3 0 0
6727.5 862.4 -2.1 270 0 30.3 37.2 10.0 0.0 0 1 4 4 4
4954.3 1377.9 4.1 90 0 8.2 34.4 7.5 2.5 2 1 3 4 4
6399.4 280.7 -1.8 90 0 15.4 16.4 10.0 2.5 2 1 4 3 3
5085.3 1296.6 3.4 90 0 14.3 15.2 5.0 0.0 0 1 2 4 4
6117.0 -8015.0 -16.5 1 0 8.8 21.4 10.5 3.5 2 1 3 1 1
5953.5 1127.4 0.2 38 0 6.6 46.5 7.5 2.5 4 1 3 0 0
6841.5 884.7 -2.4 360 0 141.4 6.5 7.5 2.5 2 0 3 4 4
5228.7 712.7 1.7 181 0 15.1 13.6 7.5 2.5 2 0 3 2 2
6672.5 898.3 -1.9 360 0 44.7 20.6 7.5 2.5 2 0 3 4 4
4978.9 1415.2 4.0 270 0 27.9 8.2 2.5 2.5 4 0 1 4 4
6005.8 -8250.7 -16.8 1 1 14.3 17.5 14.0 3.5 4 1 4 3 3
6321.1 426.5 -1.5 180 0 21.7 15.4 10.0 2.5 2 0 4 5 5
6047.4 -8157.5 -16.7 181 0 24.3 9.1 10.5 3.5 2 0 3 1 1
6683.0 -8631.5 -19.3 1 0 5.8 19.1 10.5 3.5 2 1 3 2 2
5965.2 5445.6 2.9 140 0 45.9 30.2 15.0 0.0 0 0 6 3 3
5631.5 -8671.9 -17.0 24 0 11.9 18.4 17.5 3.5 2 0 5 1 1
6313.0 -8244.9 -17.5 181 0 28.1 23.2 17.5 0.0 0 0 5 4 4
6072.9 1151.0 -0.2 180 0 25.9 6.9 10.5 2.5 2 0 3 5 5
5145.4 703.5 1.9 180 0 23.3 9.3 2.5 2.5 2 0 1 2 2
6047.8 -8266.6 -16.9 1 0 24.1 9.3 10.5 3.5 2 0 3 1 1
6328.0 390.9 -1.6 136 0 15.0 13.7 7.5 2.5 2 0 3 3 3
5020.7 1377.2 3.8 270 0 9.0 35.4 7.5 2.5 2 1 3 4 4
-4193.4 -886.9 12.0 271 0 103.3 60.3 10.0 0.0 0 0 4 4 4
6477.5 834.1 -1.2 180 0 15.8 20.4 7.5 2.5 2 1 3 0 0
2986.5 2779.7 10.3 89 0 20.2 12.3 7.5 2.5 2 0 3 3 3
5326.2 -3515.7 -6.7 1 0 28.7 47.9 10.0 0.0 0 1 4 2 2
-1894.6 -6618.0 -5.5 270 0 11.9 12.7 3.5 2.5 2 1 1 4 4
4956.8 -9308.3 -17.7 180 0 31.2 47.2 17.5 0.0 0 1 5 0 0
5037.0 1196.8 3.5 180 0 57.7 10.3 7.5 2.5 2 0 3 5 5
-1327.3 -6228.8 -4.2 271 0 64.5 23.8 10.0 2.5 2 0 4 1 1
6048.0 -8226.9 -16.8 1 0 17.7 9.3 10.5 3.5 2 0 3 4 4
5428.5 1033.8 1.6 90 0 9.4 17.7 10.5 2.5 2 1 3 5 5
5091.1 1354.9 3.5 360 0 12.2 9.9 5.0 2.5 2 0 2 1 1
-6006.7 8756.6 -0.6 90 0 13.9 9.6 7.0 2.5 2 0 2 4 4
6909.4 -8615.3 -20.1 360 0 31.5 50.2 17.5 0.0 0 1 5 1 1
6477.5 853.0 -1.0 180 0 15.8 20.4 12.5 2.5 2 1 5 3 3
5326.8 -3547.6 -6.8 1 0 20.2 48.9 7.5 2.5 2 1 3 1 1
5282.1 -9021.1 -17.1 360 0 22.9 30.8 17.5 0.0 0 1 5 1 1
5066.4 1247.5 3.4 180 0 39.0 10.9 10.0 0.0 0 0 4 4 4
-1415.0 -6264.6 -4.3 181 0 62.7 24.7 10.0 2.5 2 0 4 4 4
6462.5 -8569.3 -18.7 271 0 15.1 23.4 17.5 0.0 0 1 5 5 5
5246.9 1228.5 2.5 90 0 8.7 16.8 5.0 2.5 2 1 2 1 1
3032.9 -5646.0 -4.8 270 0 23.8 68.9 10.0 0.0 0 1 4 5 5
-1204.5 -6638.7 -5.2 1 0 18.8 29.4 7.5 2.5 2 1 3 5 5
5230.8 477.2 1.3 291 0 29.9 14.8 7.5 2.5 4 0 3 3 3
5042.8 -3674.5 -6.5 271 0 134.1 63.8 7.5 0.0 0 0 3 2 2
6253.0 493.5 -1.3 90 0 38.1 30.7 10.0 0.0 0 0 4 0 0
5985.5 1450.1 0.8 180 0 8.9 17.6 5.0 2.5 2 1 2 1 1
5941.3 -9155.7 -18.8 90 0 25.3 14.1 17.5 3.5 2 0 5 3 3
6030.8 1240.2 0.2 35 0 6.3 43.1 7.5 2.5 2 1 3 1 1
5968.1 1465.3 0.8 360 0 8.9 17.6 2.5 2.5 2 1 1 0 0
5227.4 1228.5 2.7 90 0 8.7 16.8 5.0 2.5 4 1 2 2 2
4797.9 -8733.3 -16.1 270 0 110.4 25.8 17.5 0.0 0 0 5 2 2
6511.3 -8644.4 -18.9 271 0 20.8 31.7 17.5 0.0 0 1 5 1 1
5275.6 699.6 1.6 91 0 12.7 57.7 12.5 2.5 2 1 5 0 0
6012.3 1174.5 0.1 36 0 58.2 6.5 7.5 0.0 0 0 3 5 5
5985.5 1465.3 0.8 180 0 8.9 17.6 2.5 2.5 2 1 1 1 1
5977.1 1495.9 1.0 90 0 11.3 7.7 5.0 2.5 2 0 2 4 4
5105.2 1296.6 3.3 90 0 14.3 15.2 2.5 2.5 2 1 1 2 2
6029.1 -8037.4 -16.3 1 0 9.7 22.4 10.5 3.5 2 1 3 3 3
5886.3 -8686.7 -17.2 91 0 6.3 18.0 10.5 3.5 2 1 3 3 3
5942.7 1186.3 0.2 218 0 7.2 49.6 7.5 2.5 2 1 3 3 3
6825.0 986.7 -2.2 270 0 6.5 49.2 7.5 2.5 2 1 3 0 0
6079.8 -10172.1 -21.7 0 0 30.6 23.6 14.0 0.0 0 0 4 0 0
5002.3 1188.3 3.7 270 0 14.9 9.9 2.5 2.5 2 0 1 5 5
6463.1 380.0 -1.9 316 0 28.7 19.3 5.0 2.5 2 0 2 2 2
6077.6 -8158.1 -16.7 181 0 24.3 9.1 10.5 3.5 2 0 3 0 0
-1841.4 -6956.6 -6.6 270 0 18.4 17.4 7.5 2.5 2 0 3 5 5
6680.3 -8383.9 -19.0 271 0 7.2 50.5 10.5 3.5 2 1 3 4 4
6042.0 -10152.9 -21.6 360 0 48.1 13.2 14.0 3.5 2 0 4 5 5
6186.8 5928.5 0.6 292 0 51.4 16.8 7.5 2.5 2 0 3 2 2
6447.8 911.2 -0.3 360 0 15.8 20.4 7.5 2.5 2 1 3 5 5
6691.1 889.7 -2.0 360 0 27.7 12.7 7.5 2.5 2 0 3 2 2
5283.5 860.9 1.9 90 0 9.7 14.1 5.0 0.0 0 1 2 4 4
6067.3 -8175.6 -16.8 271 0 38.9 9.4 10.5 3.5 2 0 3 4 4
6335.8 452.0 -1.5 295 0 12.1 6.8 7.5 2.5 2 0 3 4 4
2962.7 -11066.6 -20.9 51 0 50.1 27.9 14.0 0.0 0 0 4 1 1
-1969.1 -6622.6 -5.6 180 0 18.5 13.3 10.5 2.5 2 0 3 3 3
6580.6 -8407.6 -18.7 181 0 52.0 6.4 10.5 3.5 4 0 3 5 5
5955.2 -10204.4 -21.7 90 0 12.8 35.3 14.0 3.5 4 1 4 3 3
6477.4 890.2 -0.7 180 0 15.8 20.4 7.5 2.5 4 1 3 2 2
5074.3 1205.1 3.3 270 0 44.7 10.8 7.5 2.5 2 0 3 4 4
4413.5 2663.7 7.3 181 0 8.3 15.4 5.0 2.5 2 1 2 5 5
6027.6 -8211.5 -16.7 91 1 17.5 14.3 14.0 3.5 2 0 4 0 0
5130.5 1387.6 3.3 360 0 20.6 6.0 5.0 2.5 2 0 2 4 4
6917.2 4130.6 0.5 360 0 14.5 19.0 10.0 2.5 2 1 4 2 2
6787.1 -8667.9 -19.9 91 0 9.6 39.3 10.5 3.5 4 1 3 3 3
6477.4 927.4 -0.4 180 0 15.8 20.4 10.0 2.5 2 1 4 1 1
-1559.2 -6802.9 -5.9 360 0 8.8 12.7 7.0 2.5 2 1 2 4 4
5708.3 -8515.3 -16.8 24 0 13.2 20.9 17.5 3.5 2 0 5 3 3
5132.0 1131.9 2.9 360 0 58.1 9.7 7.5 2.5 2 0 3 2 2
4987.6 1145.4 3.3 269 0 9.2 41.8 7.5 2.5 2 1 3 2 2
6440.2 -8568.8 -18.6 271 0 16.1 23.0 17.5 3.5 4 1 5 3 3
5279.5 1228.0 2.4 90 0 8.7 16.8 5.0 2.5 2 1 2 3 3
-1624.2 -6819.9 -5.9 90 0 10.7 14.7 7.0 2.5 2 1 2 4 4
1803.5 -3694.3 -1.4 38 0 19.7 11.5 7.0 2.5 4 0 2 0 0
6222.8 583.0 -1.2 270 0 16.3 54.0 5.0 0.0 0 1 2 4 4
6001.9 1397.0 0.5 307 0 9.7 29.8 7.5 0.0 0 1 3 1 1
4951.4 -8218.2 -14.9 180 0 18.1 22.8 14.0 3.5 2 1 4 3 3
5087.4 1124.6 3.1 194 0 36.6 10.2 10.0 2.5 2 0 4 1 1
5259.7 1228.6 2.5 90 0 8.7 16.8 2.5 2.5 2 1 1 1 1
5207.5 578.8 1.5 270 0 36.7 26.1 10.0 0.0 0 0 4 0 0
6154.3 -8225.1 -17.1 180 0 8.0 20.1 10.5 0.0 0 1 3 4 4
6063.2 -8135.2 -16.6 360 0 7.8 12.9 10.5 3.5 2 1 3 5 5
6306.1 557.8 -1.3 360 0 46.6 14.0 10.0 2.5 4 0 4 2 2
5368.4 -7433.1 -14.0 181 0 4.2 75.7 10.5 3.5 2 1 3 1 1
4854.4 553.3 2.5 91 0 10.1 20.0 5.0 2.5 2 1 2 1 1
5909.0 -9296.0 -19.2 90 0 12.7 30.2 17.5 3.5 2 1 5 1 1
5968.0 1495.8 0.9 360 0 8.9 17.6 5.0 2.5 2 1 2 1 1
5076.7 1089.4 3.2 196 0 27.6 8.6 5.0 2.5 2 0 2 2 2
6028.9 -8052.6 -16.4 1 0 9.7 22.4 10.5 3.5 2 1 3 4 4
6743.7 -8600.2 -19.4 90 0 13.4 13.2 17.5 3.5 2 0 5 5 5
5875.5 -8683.1 -17.2 91 0 12.7 22.7 14.0 3.5 2 1 4 0 0
5294.2 687.7 1.5 91 0 11.2 62.9 12.5 2.5 2 1 5 5 5
5985.9 1137.2 0.1 38 0 8.0 64.1 7.5 2.5 4 1 3 1 1
5985.5 1495.8 1.0 180 0 8.9 17.6 5.0 2.5 2 1 2 3 3
6203.0 602.0 -1.0 270 0 22.3 14.9 10.0 2.5 2 0 4 2 2
5034.2 1183.5 3.6 360 0 10.1 15.6 5.0 2.5 4 1 2 5 5
4958.7 1358.8 4.0 90 0 18.0 8.0 2.5 2.5 4 0 1 0 0
5066.4 1296.6 3.5 90 0 14.3 15.2 5.0 2.5 2 1 2 3 3
6121.6 -8138.8 -16.8 90 1 10.5 20.4 14.0 3.5 2 1 4 5 5
6313.5 -8162.3 -17.3 181 0 37.7 24.4 17.5 0.0 0 0 5 3 3
6180.1 604.4 -1.0 270 0 10.9 15.4 5.0 0.0 0 1 2 3 3
5236.8 750.7 1.8 271 0 12.7 25.1 10.0 2.5 2 1 4 1 1
4979.2 1337.0 3.8 180 0 10.6 30.7 7.5 2.5 4 1 3 4 4
-3928.7 -10004.6 -14.9 218 0 68.0 23.7 7.5 0.0 0 0 3 1 1
6048.3 -8113.6 -16.6 181 0 20.4 9.6 10.5 3.5 2 0 3 5 5
5157.5 1297.9 3.0 90 0 10.4 21.7 5.0 2.5 2 1 2 3 3
-1929.0 -6707.0 -5.8 179 0 32.8 22.8 7.5 0.0 0 0 3 0 0
6789.8 865.7 -2.3 180 0 88.4 16.2 10.0 2.5 2 0 4 1 1
5938.5 -10160.4 -21.5 135 0 11.9 57.5 14.0 3.5 2 1 4 0 0
6281.2 -8327.9 -17.7 181 0 13.9 54.2 17.5 0.0 0 1 5 1 1
6284.0 5889.7 0.5 292 0 51.4 16.8 7.5 2.5 2 0 3 4 4
6447.9 874.6 -0.7 360 0 15.8 20.4 7.5 2.5 2 1 3 4 4
5037.0 1156.9 3.4 180 0 9.7 36.3 5.0 2.5 2 1 2 1 1
6028.0 -8226.7 -16.8 180 0 19.4 7.8 10.5 0.0 0 0 3 1 1
5057.3 1409.5 3.5 199 0 8.2 27.9 5.0 0.0 0 1 2 5 5
6661.6 -8620.6 -19.2 91 0 9.7 11.6 10.5 3.5 2 1 3 4 4
6477.5 815.9 -1.5 180 0 15.8 20.4 7.5 2.5 2 1 3 0 0
2963.4 2757.7 10.3 91 0 9.0 6.9 2.5 2.5 2 0 1 4 4
5325.3 -3573.1 -6.8 1 0 18.1 45.8 7.5 2.5 2 1 3 1 1
5551.9 -8985.7 -17.9 224 0 4.8 8.1 10.5 3.5 2 0 3 0 0
5033.7 1157.7 3.5 360 0 10.8 18.6 5.0 2.5 4 1 2 1 1
5548.6 -8989.1 -17.9 224 0 4.8 8.1 10.5 3.5 2 0 3 2 2
5398.2 -7417.3 -14.1 181 0 11.8 47.0 17.5 3.5 4 1 5 1 1
5004.4 1162.8 3.5 270 0 19.0 10.6 5.0 2.5 2 0 2 4 4
5754.0 -9184.1 -18.3 90 0 13.4 39.5 17.5 3.5 2 1 5 3 3
5789.1 -9208.0 -18.5 271 0 9.9 8.6 10.5 3.5 2 0 3 4 4
1797.5 -3590.7 -3.3 38 0 11.3 21.8 12.5 2.5 2 1 5 4 4
6017.2 5531.0 3.0 320 0 34.3 52.5 5.0 0.0 0 1 2 5 5
5806.7 1861.5 2.0 181 0 12.5 21.3 10.0 2.5 2 1 4 0 0
5321.1 969.6 2.0 90 0 14.6 36.6 10.0 2.5 2 1 4 5 5
5298.6 -8238.1 -15.4 294 1 16.3 10.4 14.0 3.5 2 0 4 5 5
6849.4 -8616.2 -19.9 360 0 16.7 18.7 17.5 3.5 2 1 5 5 5
5481.3 -9007.4 -18.1 289 0 4.2 30.6 10.5 3.5 2 1 3 2 2
5499.6 -8952.5 -18.1 206 0 13.1 8.6 10.5 3.5 4 0 3 0 0
5546.2 -8956.5 -18.0 45 0 13.1 8.7 10.5 3.5 2 0 3 1 1
5413.3 -8322.2 -16.3 113 0 13.1 21.6 14.0 3.5 2 1 4 3 3
5268.9 -8211.8 -15.4 294 0 9.5 15.4 10.5 3.5 2 1 3 4 4
5497.0 -9004.2 -18.1 288 0 4.2 30.6 10.5 3.5 2 1 3 3 3
5528.8 -9075.4 -18.0 180 0 3.6 27.5 10.5 3.5 2 1 3 3 3
5526.3 -9061.8 -18.0 180 0 3.7 26.4 10.5 3.5 4 1 3 1 1
5163.8 677.3 1.8 360 0 25.1 17.6 7.5 2.5 2 0 3 1 1
6767.8 -8626.5 -19.6 90 0 11.5 15.8 17.5 3.5 2 1 5 3 3
5854.7 1858.2 2.0 90 0 10.1 7.4 7.5 2.5 2 0 3 4 4
5286.0 -8225.1 -15.4 294 1 16.1 10.4 14.0 3.5 2 0 4 1 1
6022.0 -8141.2 -16.6 360 0 7.6 9.6 10.5 3.5 2 1 3 4 4
6037.9 -8141.7 -16.6 360 0 4.9 11.3 10.5 3.5 2 1 3 1 1
5300.9 570.3 1.3 209 0 6.1 8.8 7.5 2.5 2 1 3 4 4
6889.8 -3003.4 -6.5 90 0 11.8 8.8 5.0 2.5 2 0 2 5 5
5376.3 -8522.8 -16.5 203 0 6.9 14.5 10.5 3.5 2 0 3 4 4
5398.6 -8521.8 -16.6 26 0 12.4 5.6 10.5 3.5 2 0 3 2 2
5970.6 -8736.6 -17.4 91 0 6.1 17.5 10.5 3.5 2 1 3 1 1
5425.9 -8283.8 -16.2 293 0 37.1 13.2 14.0 3.5 2 0 4 5 5
5449.2 -10043.7 -20.0 0 0 25.4 11.1 17.5 3.5 2 0 5 5 5
6910.5 -2386.6 -5.9 270 0 12.9 13.1 5.0 2.5 4 1 2 2 2
6716.8 -8546.7 -19.4 91 0 23.4 37.2 17.5 3.5 2 1 5 3 3
6702.1 -8596.3 -19.3 91 0 7.2 13.0 10.5 3.5 2 1 3 4 4
6710.0 -8596.4 -19.3 91 0 8.1 12.9 10.5 3.5 2 1 3 4 4
6718.8 -8596.6 -19.4 90 0 8.8 12.8 10.5 3.5 2 1 3 0 0
6727.5 -8596.7 -19.4 90 0 7.4 12.7 10.5 3.5 4 1 3 1 1
5607.1 -8716.9 -17.1 180 0 21.7 5.0 10.5 0.0 0 0 3 3 3
5388.6 -7324.0 -13.8 178 0 6.8 9.9 10.5 3.5 2 1 3 3 3
6558.8 -8635.8 -19.0 127 0 6.3 8.8 10.5 3.5 4 1 3 1 1
6082.2 -10151.1 -21.6 360 0 11.4 24.3 14.0 3.5 2 0 4 0 0
5210.6 -8516.6 -15.8 204 0 26.9 10.1 17.5 3.5 2 0 5 0 0
5647.2 -8706.9 -17.1 271 0 7.2 14.5 10.5 0.0 0 0 3 1 1
5966.9 -8672.6 -17.3 90 0 9.1 13.5 10.5 0.0 0 0 3 4 4
5299.5 -8313.5 -16.0 204 0 8.2 14.4 10.5 3.5 2 1 3 4 4
5295.1 -8324.3 -16.1 205 0 7.6 13.1 10.5 3.5 2 1 3 5 5
5310.9 -8345.5 -16.2 26 0 5.4 6.7 10.5 3.5 2 1 3 3 3
5306.7 -8357.1 -16.2 21 0 7.2 8.0 10.5 3.5 2 1 3 1 1
5288.9 -8334.8 -16.1 205 0 7.0 6.4 10.5 3.5 2 0 3 4 4
5302.7 -8373.4 -16.1 24 0 5.4 13.7 10.5 3.5 2 1 3 0 0
5568.2 -9883.0 -20.5 272 0 22.1 14.9 14.0 3.5 2 0 4 1 1
4638.5 958.3 3.6 134 0 38.2 18.2 7.5 2.5 2 0 3 3 3
5819.1 -9668.9 -19.7 49 0 33.7 49.2 17.5 0.0 0 1 5 4 4
5781.5 -9709.2 -19.8 87 0 33.2 21.9 17.5 0.0 0 0 5 4 4
5282.4 -7490.2 -13.8 270 0 40.7 19.6 17.5 3.5 2 0 5 0 0
6327.0 5725.8 0.6 21 0 22.7 12.4 7.5 2.5 2 0 3 4 4
5819.8 5587.2 4.1 139 0 7.0 6.0 7.5 2.5 2 0 3 4 4
6442.4 5682.9 0.6 231 0 49.1 15.7 7.5 2.5 2 0 3 0 0
6443.3 5902.5 -0.3 201 0 9.9 14.7 7.5 2.5 2 1 3 0 0
5778.3 -6905.2 -13.9 181 1 18.7 14.2 14.0 3.5 2 0 4 3 3
5801.2 -6894.9 -13.9 270 0 16.1 20.8 14.0 0.0 0 1 4 5 5
-4729.6 -8619.1 -11.4 269 0 8.5 23.2 5.0 2.5 2 1 2 1 1
6282.1 -8311.4 -17.6 179 0 13.1 44.5 17.5 3.5 4 1 5 4 4
5683.0 -9797.7 -20.2 180 0 27.5 18.2 17.5 3.5 2 0 5 4 4
6834.4 6224.4 -1.3 90 0 18.2 11.2 3.5 0.0 0 0 1 0 0
